Date,Open,High,Low,Close,Adj Close,Volume
2000-01-03,182.40939331054688,185.27366638183594,176.37933349609375,179.69586181640625,127.53052520751953,3421109
2000-01-04,173.0627899169922,175.7763214111328,165.2237091064453,166.2789764404297,118.0085678100586,4138266
2000-01-05,165.2237091064453,165.67596435546875,157.68612670898438,161.9071807861328,114.90587615966797,4684611
2000-01-06,161.00267028808594,161.60568237304688,142.30947875976562,143.51548767089844,101.85322570800781,4776899
2000-01-07,148.33953857421875,155.7263641357422,147.0581512451172,155.3494873046875,110.2518310546875,6554244
2000-01-10,159.64590454101562,173.2135467529297,158.4398956298828,168.54025268554688,119.61338806152344,5134690
2000-01-11,162.96243286132812,169.8970184326172,159.72128295898438,160.09815979003906,113.62196350097656,3475669
2000-01-12,162.6609344482422,167.56036376953125,160.09815979003906,161.37954711914062,114.53140258789062,3480561
2000-01-13,164.46995544433594,169.44476318359375,161.9071807861328,167.1081085205078,118.59700775146484,2550720
2000-01-14,173.66580200195312,185.87667846679688,173.66580200195312,182.10789489746094,129.24241638183594,5250692
2000-01-18,173.0627899169922,177.6607208251953,172.00753784179688,173.66580200195312,123.25096130371094,6882599
2000-01-19,173.3643035888672,175.39944458007812,168.8417510986328,169.7462615966797,120.46932220458984,3470694
2000-01-20,170.801513671875,175.47482299804688,169.29400634765625,170.04776000976562,120.68326568603516,3801121
2000-01-21,177.58534240722656,178.11297607421875,172.91204833984375,174.11805725097656,123.5719985961914,3059089
2000-01-24,176.6808319091797,177.81146240234375,167.93724060058594,167.93724060058594,119.18543243408203,2647319
2000-01-25,169.29400634765625,171.6306610107422,165.6005859375,171.40452575683594,121.64612579345703,3092422
2000-01-26,171.10302734375,176.07781982421875,164.31919860839844,168.23873901367188,119.3994140625,3329567
2000-01-27,168.8417510986328,169.5955047607422,163.71620178222656,164.0177001953125,116.4036865234375,3554358
2000-01-28,167.03273010253906,169.44476318359375,150.75155639648438,154.6710968017578,109.77042388916016,4720764
2000-01-31,154.9726104736328,164.92221069335938,152.33445739746094,164.0177001953125,116.4036865234375,4248298
2000-02-01,166.1282196044922,168.23873901367188,160.62579345703125,165.07296752929688,117.15263366699219,3473098
2000-02-02,165.2237091064453,178.03759765625,165.14833068847656,174.4195556640625,123.78590393066406,4112644
2000-02-03,176.22857666015625,184.4445343017578,176.22857666015625,184.21841430664062,130.74021911621094,4438097
2000-02-04,184.4445343017578,190.0223388671875,181.3541259765625,188.13795471191406,133.5218963623047,4362890
2000-02-07,186.4796905517578,191.83135986328125,184.74603271484375,191.60523986816406,135.98260498046875,2049647
2000-02-08,192.96200561523438,194.62026977539062,188.8163299560547,192.81124877929688,136.83853149414062,3258756
2000-02-09,192.96200561523438,192.96200561523438,183.4646453857422,185.1982879638672,131.43557739257812,3167131
2000-02-10,185.4998016357422,189.87159729003906,185.27366638183594,187.27113342285156,132.90672302246094,3327163
2000-02-11,186.3289337158203,187.2334442138672,179.0928497314453,182.40939331054688,129.4563446044922,3018045
2000-02-14,184.06765747070312,184.06765747070312,176.45469665527344,177.58534240722656,126.03263092041016,3015060
2000-02-15,178.86672973632812,180.8264923095703,172.53515625,179.6204833984375,127.47703552246094,3595651
2000-02-16,179.6204833984375,182.10789489746094,177.43458557128906,178.33909606933594,126.5676040649414,2499145
2000-02-17,175.47482299804688,179.2436065673828,172.4597930908203,177.58534240722656,126.03263092041016,3399550
2000-02-18,177.43458557128906,178.48985290527344,174.4195556640625,174.7964324951172,124.05338287353516,2545247
2000-02-22,176.07781982421875,191.00222778320312,174.34417724609375,189.04246520996094,134.16383361816406,4098216
2000-02-23,185.57518005371094,195.1479034423828,182.63551330566406,193.86651611328125,137.58749389648438,4036359
2000-02-24,192.66049194335938,198.6905517578125,190.0223388671875,198.08755493164062,140.5831756591797,4348877
2000-02-25,195.3740234375,197.18304443359375,190.5499725341797,192.0574951171875,136.30355834960938,2856272
2000-02-28,193.18812561035156,195.07252502441406,186.5550537109375,191.15298461914062,135.6616668701172,2821447
2000-02-29,192.96200561523438,211.3536834716797,192.58511352539062,207.43414306640625,147.2164764404297,5707984
2000-03-01,206.83114624023438,207.05726623535156,198.6905517578125,205.17288208007812,145.61158752441406,3833459
2000-03-02,205.02212524414062,211.05218505859375,200.65032958984375,210.07229614257812,149.08871459960938,4043988
2000-03-03,211.6551971435547,217.60987854003906,210.44918823242188,211.42906188964844,150.05160522460938,3166468
2000-03-06,212.8612060546875,221.75555419921875,212.8612060546875,217.8360137939453,154.59872436523438,2757683
2000-03-07,221.9062957763672,222.66006469726562,213.46421813964844,213.84109497070312,151.763427734375,3611074
2000-03-08,214.74560546875,214.74560546875,202.9869842529297,204.34375,145.0232391357422,5418601
2000-03-09,201.70559692382812,203.8161163330078,192.96200561523438,197.7860565185547,140.36917114257812,4343736
2000-03-10,201.40408325195312,217.00686645507812,199.82119750976562,211.05218505859375,149.7841033935547,8360942
2000-03-13,201.40408325195312,213.53958129882812,198.9920654296875,202.00709533691406,143.46324157714844,4787347
2000-03-14,199.89657592773438,206.83114624023438,193.56500244140625,194.39413452148438,138.0565948486328,4714213
2000-03-15,194.69564819335938,196.5800323486328,180.60037231445312,181.95713806152344,129.2239227294922,5817187
2000-03-16,186.78118896484375,188.89170837402344,173.0627899169922,183.01239013671875,129.97349548339844,6485920
2000-03-17,182.10789489746094,183.91690063476562,178.79135131835938,180.2988739013672,128.04624938964844,5914615
2000-03-20,180.1481170654297,191.07760620117188,180.07273864746094,185.87667846679688,132.00758361816406,4937262
2000-03-21,183.4646453857422,196.8815460205078,180.44961547851562,191.6806182861328,136.1294708251953,4401862
2000-03-22,194.77102661132812,200.65032958984375,193.56500244140625,197.71067810058594,140.41197204589844,4002280
2000-03-23,196.65541076660156,197.7860565185547,194.09263610839844,194.77102661132812,138.3242950439453,3004115
2000-03-24,195.3740234375,201.32870483398438,192.20823669433594,197.2584228515625,140.09080505371094,3226501
2000-03-27,198.38905334472656,198.6151885986328,194.92176818847656,197.18304443359375,140.0372314453125,2460174
2000-03-28,194.77102661132812,203.5146026611328,194.77102661132812,197.7860565185547,140.4654998779297,4102279
2000-03-29,196.5800323486328,197.33380126953125,182.25863647460938,186.9319305419922,132.7570343017578,5365616
2000-03-30,180.90187072753906,188.51483154296875,168.6909942626953,173.66580200195312,123.33554077148438,6669748
2000-03-31,178.1883544921875,179.0928497314453,168.91712951660156,176.07781982421875,125.04854583740234,5765695
2000-04-03,172.4597930908203,176.90695190429688,164.0177001953125,166.73123168945312,118.41069030761719,5060644
2000-04-04,169.14324951171875,173.3643035888672,155.65098571777344,162.35943603515625,115.30591583251953,8515003
2000-04-05,160.399658203125,178.2637176513672,157.0831298828125,177.28384399414062,125.90508270263672,7550502
2000-04-06,176.07781982421875,179.01748657226562,171.3291473388672,174.5703125,123.97795867919922,3718618
2000-04-07,175.0979461669922,185.72592163085938,175.0979461669922,185.42442321777344,131.6864013671875,3669614
2000-04-10,186.3289337158203,190.47459411621094,178.64059448242188,182.10789489746094,129.3310546875,5391569
2000-04-11,150.75155639648438,161.60568237304688,145.02301025390625,149.54554748535156,106.20557403564453,25052974
2000-04-12,147.43502807617188,149.54554748535156,136.2794189453125,139.7467041015625,99.2466049194336,13244805
2000-04-13,142.30947875976562,148.56565856933594,139.89744567871094,141.1034698486328,100.21012878417969,10623688
2000-04-14,138.76681518554688,142.15872192382812,130.5508575439453,131.4553680419922,93.35810852050781,8291291
2000-04-17,132.661376953125,141.1034698486328,131.4553680419922,140.50045776367188,99.78190612792969,7115266
2000-04-18,140.42507934570312,142.8371124267578,135.67640686035156,142.30947875976562,101.06665802001953,5599196
2000-04-19,141.7064666748047,142.30947875976562,129.0433349609375,129.34483337402344,91.85926055908203,4574994
2000-04-20,131.3046112060547,134.47039794921875,130.02322387695312,133.8673858642578,95.07115173339844,4244649
2000-04-24,131.4553680419922,133.64126586914062,125.726806640625,126.63130950927734,89.9321517944336,4232626
2000-04-25,132.5106201171875,136.3547821044922,130.2493438720703,135.67640686035156,96.35590362548828,4446471
2000-04-26,136.73167419433594,143.51548767089844,135.67640686035156,142.30947875976562,101.06665802001953,5035437
2000-04-27,139.29444885253906,142.9124755859375,137.63616943359375,140.50045776367188,99.78190612792969,3887688
2000-04-28,142.9124755859375,145.77676391601562,141.8572235107422,143.51548767089844,101.92310333251953,3350214
2000-05-01,147.13352966308594,149.09329223632812,144.11849975585938,146.6812744140625,104.17144012451172,3524590
2000-05-02,146.6812744140625,146.6812744140625,139.9728240966797,140.34970092773438,99.6748275756836,3144992
2000-05-03,140.04820251464844,141.78184509277344,132.661376953125,137.18392944335938,97.42655181884766,3322851
2000-05-04,138.3899383544922,140.50045776367188,132.8121337890625,133.56588745117188,94.8570327758789,3360579
2000-05-05,133.56588745117188,136.58091735839844,130.47547912597656,132.05836486816406,93.78638458251953,3812398
2000-05-08,131.4553680419922,131.75686645507812,127.61119842529297,128.89259338378906,91.53812408447266,3281475
2000-05-09,130.4001007080078,131.1538543701172,124.4454116821289,126.02830505371094,89.50392150878906,4373089
2000-05-10,114.87268829345703,116.45558166503906,103.71707153320312,104.62158203125,74.30110931396484,22002094
2000-05-11,107.33511352539062,112.15916442871094,106.5059814453125,111.17927551269531,78.95830535888672,11572019
2000-05-12,112.15916442871094,116.9078369140625,111.40540313720703,115.40032196044922,81.95602416992188,7632674
2000-05-15,115.40032196044922,117.58621978759766,113.36517333984375,116.07870483398438,82.4378662109375,4987179
2000-05-16,117.58621978759766,120.3751220703125,117.43547058105469,118.41535186767578,84.09730529785156,5742478
2000-05-17,113.36517333984375,116.45558166503906,113.36517333984375,114.5711898803711,81.36720275878906,4686602
2000-05-18,115.47570037841797,115.55107116699219,112.23453521728516,113.36517333984375,80.51069641113281,3519367
2000-05-19,111.55615234375,112.08378601074219,107.56124114990234,108.69187927246094,77.1917495727539,4876152
2000-05-22,110.19939422607422,110.19939422607422,103.71707153320312,105.97834777832031,75.26465606689453,5172500
2000-05-23,106.73210906982422,110.80239868164062,105.52609252929688,106.12909698486328,75.37173461914062,5044143
2000-05-24,107.41048431396484,116.98321533203125,106.12909698486328,116.98321533203125,83.08016967773438,5792975
2000-05-25,114.5711898803711,118.79222869873047,108.99337768554688,111.1039047241211,78.90477752685547,5499445
2000-05-26,110.65164947509766,113.21442413330078,109.74713897705078,111.1039047241211,78.90477752685547,3491340
2000-05-30,114.5711898803711,117.13396453857422,113.96817779541016,114.79731750488281,81.52780151367188,4443818
2000-05-31,118.18922424316406,122.03338623046875,112.53604125976562,113.06367492675781,80.29661560058594,11706346
2000-06-01,116.98321533203125,121.80726623535156,116.07870483398438,121.80726623535156,86.50618743896484,7757216
2000-06-02,133.8673858642578,137.4854278564453,130.2493438720703,133.1890106201172,94.58940124511719,8659916
2000-06-05,134.7718963623047,138.84219360351562,132.5106201171875,138.84219360351562,98.60420989990234,5582806
2000-06-06,138.16380310058594,142.6863555908203,132.96287536621094,134.7718963623047,95.7135238647461,5008627
2000-06-07,133.8673858642578,136.128662109375,130.927734375,136.128662109375,96.6771011352539,3799933
2000-06-08,137.4854278564453,139.29444885253906,128.21420288085938,131.1538543701172,93.14405059814453,6425887
2000-06-09,132.05836486816406,133.41513061523438,122.56101989746094,126.63130950927734,89.9321517944336,6198637
2000-06-12,126.85743713378906,130.927734375,124.82229614257812,126.1790542602539,89.61099243164062,3553529
2000-06-13,121.43038177490234,127.08356475830078,121.43038177490234,127.08356475830078,90.35697937011719,4101920
2000-06-14,127.08356475830078,127.08356475830078,115.32494354248047,117.81234741210938,83.7651596069336,8635510
2000-06-15,116.68170928955078,124.82229614257812,113.74205780029297,124.37004089355469,88.4276351928711,5350110
2000-06-16,123.69165802001953,125.27455139160156,119.84748840332031,124.82229614257812,88.74922180175781,3611267
2000-06-19,119.3952407836914,123.91778564453125,118.49073028564453,123.91778564453125,88.10613250732422,4310182
2000-06-20,122.56101989746094,125.50067901611328,119.3952407836914,124.82229614257812,88.74922180175781,4037797
2000-06-21,123.2394027709961,127.53582000732422,122.78714752197266,125.95292663574219,89.55310821533203,4045176
2000-06-22,126.85743713378906,127.3096923828125,119.3952407836914,122.1087646484375,86.81989288330078,3582439
2000-06-23,120.29974365234375,121.88263702392578,113.74205780029297,117.13396453857422,83.28277587890625,5556576
2000-06-26,108.54112243652344,110.80239868164062,107.41048431396484,109.44563293457031,77.81633758544922,8970885
2000-06-27,108.76725006103516,114.64656066894531,108.0888671875,111.02852630615234,78.9417953491211,5803395
2000-06-28,109.44563293457031,111.7069091796875,108.54112243652344,108.99337768554688,77.4947738647461,4833256
2000-06-29,108.76725006103516,109.2195053100586,104.47083282470703,106.05372619628906,75.40467834472656,5394720
2000-06-30,108.54112243652344,110.80239868164062,104.81002044677734,109.67176055908203,77.97708892822266,4318032
2000-07-03,108.0888671875,111.25465393066406,106.95823669433594,111.25465393066406,79.10254669189453,1596971
2000-07-05,110.80239868164062,111.48078155517578,107.18436431884766,108.54112243652344,77.17323303222656,3781608
2000-07-06,111.25465393066406,116.45558166503906,108.54112243652344,115.7771987915039,82.318115234375,4548847
2000-07-07,117.13396453857422,122.56101989746094,117.13396453857422,119.3952407836914,84.89054870605469,4313720
2000-07-10,119.3952407836914,120.9781265258789,117.13396453857422,117.36009216308594,83.4435806274414,3428433
2000-07-11,117.58621978759766,122.1087646484375,116.68170928955078,121.43038177490234,86.33755493164062,5020650
2000-07-12,124.82229614257812,139.29444885253906,117.58621978759766,131.1538543701172,93.25100708007812,6677736
2000-07-13,140.65121459960938,143.81698608398438,132.5106201171875,142.23410034179688,101.12908172607422,15858487
2000-07-14,142.23410034179688,142.46022033691406,136.80703735351562,137.93768310546875,98.07433319091797,6095155
2000-07-17,141.1034698486328,141.1034698486328,137.93768310546875,137.93768310546875,98.07433319091797,2884409
2000-07-18,137.7115478515625,140.65121459960938,134.7718963623047,135.67640686035156,96.46652221679688,3532550
2000-07-19,136.3547821044922,136.58091735839844,130.2493438720703,132.05836486816406,93.89408111572266,2921584
2000-07-20,134.31964111328125,139.0683135986328,132.96287536621094,137.4854278564453,97.75277709960938,3964000
2000-07-21,137.4854278564453,137.7115478515625,131.83224487304688,132.05836486816406,93.89408111572266,2349036
2000-07-24,133.1890106201172,135.4502716064453,131.37998962402344,131.37998962402344,93.4117660522461,2276870
2000-07-25,133.8673858642578,136.128662109375,132.05836486816406,134.7718963623047,95.82345581054688,2194698
2000-07-26,134.5457763671875,135.22415161132812,132.05836486816406,132.5106201171875,94.21560668945312,2194753
2000-07-27,128.89259338378906,129.11871337890625,117.13396453857422,122.78714752197266,87.30223846435547,6329453
2000-07-28,121.43038177490234,124.37004089355469,117.81234741210938,120.29974365234375,85.5336685180664,3592141
2000-07-31,121.65650939941406,121.88263702392578,119.62136840820312,120.29974365234375,85.5336685180664,2754891
2000-08-01,124.5961685180664,127.3096923828125,123.69165802001953,126.63130950927734,90.03541564941406,3860712
2000-08-02,125.04842376708984,134.7718963623047,124.5961685180664,132.5106201171875,94.21560668945312,5203290
2000-08-03,126.63130950927734,131.37998962402344,121.20425415039062,130.02322387695312,92.44707489013672,6466047
2000-08-04,134.31964111328125,134.31964111328125,125.726806640625,128.21420288085938,91.16085815429688,3148917
2000-08-07,129.11871337890625,130.927734375,125.726806640625,130.2493438720703,92.60789489746094,1852551
2000-08-08,129.11871337890625,129.79708862304688,123.69165802001953,127.08356475830078,90.35697937011719,2755886
2000-08-09,126.63130950927734,127.98807525634766,123.91778564453125,125.27455139160156,89.07076263427734,2688557
2000-08-10,126.63130950927734,126.63130950927734,122.1087646484375,123.01327514648438,87.46302032470703,2206417
2000-08-11,123.01327514648438,123.46553039550781,120.29974365234375,123.01327514648438,87.46302032470703,2234084
2000-08-14,124.5961685180664,131.1538543701172,123.01327514648438,129.34483337402344,91.96473693847656,1833674
2000-08-15,127.3096923828125,131.83224487304688,127.3096923828125,129.79708862304688,92.2863540649414,2489609
2000-08-16,129.34483337402344,134.5457763671875,127.98807525634766,131.83224487304688,93.73334503173828,2704201
2000-08-17,132.96287536621094,134.7718963623047,132.2845001220703,132.73675537109375,94.37643432617188,2061173
2000-08-18,133.41513061523438,133.64126586914062,130.2493438720703,131.1538543701172,93.25100708007812,2205920
2000-08-21,132.05836486816406,132.05836486816406,128.89259338378906,130.2493438720703,92.60789489746094,1683095
2000-08-22,130.2493438720703,132.5106201171875,129.5709686279297,132.05836486816406,93.89408111572266,3115667
2000-08-23,129.34483337402344,133.41513061523438,129.34483337402344,132.05836486816406,93.89408111572266,2724543
2000-08-24,127.08356475830078,130.70159912109375,126.85743713378906,127.3096923828125,90.51779174804688,3432386
2000-08-25,128.89259338378906,130.2493438720703,127.76194763183594,130.2493438720703,92.60789489746094,2081294
2000-08-28,129.34483337402344,129.79708862304688,127.76194763183594,128.44033813476562,91.3216781616211,1789036
2000-08-29,128.89259338378906,130.70159912109375,125.95292663574219,129.34483337402344,91.96473693847656,5016836
2000-08-30,128.89259338378906,129.34483337402344,125.726806640625,127.53582000732422,90.67853546142578,2826339
2000-08-31,127.98807525634766,131.83224487304688,126.63130950927734,131.1538543701172,93.25100708007812,3571384
2000-09-01,132.2845001220703,133.8673858642578,128.6664581298828,128.89259338378906,91.64319610595703,2662991
2000-09-05,130.70159912109375,131.1538543701172,125.27455139160156,127.53582000732422,90.67853546142578,2805748
2000-09-06,125.04842376708984,127.08356475830078,124.5961685180664,125.50067901611328,89.2315673828125,2761773
2000-09-07,125.726806640625,129.34483337402344,125.50067901611328,128.44033813476562,91.3216781616211,3080095
2000-09-08,126.63130950927734,129.34483337402344,120.52587127685547,123.01327514648438,87.46302032470703,3775887
2000-09-11,122.56101989746094,125.04842376708984,119.62136840820312,120.75199890136719,85.85519409179688,2623522
2000-09-12,121.20425415039062,121.43038177490234,115.7771987915039,117.58621978759766,83.60433197021484,3163124
2000-09-13,116.45558166503906,120.75199890136719,115.7771987915039,120.52587127685547,85.800048828125,2499587
2000-09-14,123.91778564453125,127.3096923828125,123.01327514648438,124.5961685180664,88.69761657714844,3955570
2000-09-15,124.82229614257812,127.08356475830078,122.1087646484375,126.63130950927734,90.14637756347656,3114396
2000-09-18,125.50067901611328,125.95292663574219,119.3952407836914,119.3952407836914,84.99514770507812,1951472
2000-09-19,120.75199890136719,128.89259338378906,119.84748840332031,128.6664581298828,91.59516143798828,3108287
2000-09-20,126.85743713378906,127.08356475830078,121.43038177490234,124.37004089355469,88.5366439819336,2610642
2000-09-21,122.56101989746094,124.37004089355469,108.54112243652344,113.96817779541016,81.1317367553711,2147048
2000-09-22,115.7771987915039,117.36009216308594,110.35014343261719,117.13396453857422,83.38542175292969,5400856
2000-09-25,117.13396453857422,119.3952407836914,111.02852630615234,114.87268829345703,81.77565002441406,3324150
2000-09-26,113.96817779541016,113.96817779541016,106.73210906982422,108.76725006103516,77.42930603027344,5655967
2000-09-27,109.67176055908203,109.89788818359375,98.59152221679688,105.14921569824219,74.85372161865234,7288509
2000-09-28,103.34019470214844,106.27985382080078,101.3050537109375,101.53117370605469,72.27811431884766,5035990
2000-09-29,102.20955657958984,106.73210906982422,100.1744155883789,104.69696044921875,74.53170013427734,3310828
2000-10-02,105.3753433227539,105.82759857177734,100.40054321289062,101.7573013305664,72.43904113769531,3472905
2000-10-03,103.56632232666016,104.47083282470703,98.59152221679688,98.59152221679688,70.1854248046875,3051986
2000-10-04,101.3050537109375,107.86273956298828,99.49603271484375,107.6366195678711,76.62444305419922,3746230
2000-10-05,107.18436431884766,107.18436431884766,102.20955657958984,103.11406707763672,73.40494537353516,3073379
2000-10-06,107.6366195678711,107.6366195678711,97.91313934326172,100.40054321289062,71.47322845458984,4106508
2000-10-09,98.13926696777344,99.04377746582031,95.87799072265625,97.68701171875,69.54151153564453,4339314
2000-10-10,97.68701171875,100.40054321289062,92.486083984375,94.97348022460938,67.60981750488281,5055614
2000-10-11,76.88330078125,85.25000762939453,74.16976928710938,77.56167602539062,55.21464157104492,19940064
2000-10-12,78.69231414794922,80.50133514404297,72.58687591552734,73.03913116455078,51.9951286315918,9480222
2000-10-13,73.71751403808594,80.27520751953125,73.49138641357422,80.04907989501953,56.98540115356445,7747487
2000-10-16,81.40584564208984,85.02388000488281,79.82295227050781,80.9535903930664,57.629295349121094,4906638
2000-10-17,81.85810089111328,82.76261138916016,75.97879028320312,78.01393127441406,55.53662872314453,4493044
2000-10-18,72.81300354003906,79.37069702148438,72.36074829101562,75.07427978515625,53.44389724731445,6367651
2000-10-19,82.084228515625,84.7977523803711,80.72746276855469,83.2148666381836,59.239036560058594,6490065
2000-10-20,81.17971801757812,85.70226287841797,80.27520751953125,84.57162475585938,60.20491027832031,4328894
2000-10-23,84.57162475585938,88.64192199707031,83.2148666381836,85.92839050292969,61.170745849609375,3737634
2000-10-24,86.60677337646484,86.83290100097656,81.63197326660156,82.53648376464844,58.756107330322266,2881203
2000-10-25,82.53648376464844,82.98873138427734,72.81300354003906,76.88330078125,54.73176193237305,4969877
2000-10-26,77.78780364990234,79.37069702148438,75.07427978515625,78.91844177246094,56.180519104003906,3982297
2000-10-27,78.69231414794922,80.27520751953125,76.88330078125,79.14456939697266,56.341487884521484,2976116
2000-10-30,79.14456939697266,81.85810089111328,78.4661865234375,81.40584564208984,57.95125198364258,2867632
2000-10-31,83.44098663330078,90.22480773925781,83.2148666381836,90.22480773925781,64.22932434082031,4652799
2000-11-01,87.73741149902344,89.54642486572266,85.25000762939453,87.96353912353516,62.61955261230469,2851684
2000-11-02,89.09416961669922,92.25995635986328,88.64192199707031,88.86804962158203,63.2634391784668,3502645
2000-11-03,89.54642486572266,92.25995635986328,89.32029724121094,92.25995635986328,65.67809295654297,2960168
2000-11-06,92.25995635986328,94.97348022460938,87.96353912353516,89.32029724121094,63.58539962768555,2684549
2000-11-07,88.18966674804688,88.86804962158203,85.70226287841797,87.28515625,62.13663101196289,2340910
2000-11-08,88.4157943725586,88.4157943725586,83.2148666381836,84.11936950683594,59.882957458496094,2292044
2000-11-09,81.40584564208984,84.11936950683594,79.82295227050781,82.98873138427734,59.078067779541016,2720701
2000-11-10,80.72746276855469,81.17971801757812,77.78780364990234,78.69231414794922,56.019535064697266,2829462
2000-11-13,75.97879028320312,83.6671142578125,75.7526626586914,82.53648376464844,58.756107330322266,4135667
2000-11-14,85.25000762939453,89.77255249023438,85.25000762939453,86.83290100097656,61.81466293334961,3647640
2000-11-15,86.1545181274414,89.09416961669922,83.6671142578125,85.92839050292969,61.170745849609375,2740132
2000-11-16,86.60677337646484,86.60677337646484,82.76261138916016,83.2148666381836,59.239036560058594,1827704
2000-11-17,83.6671142578125,84.34549713134766,80.50133514404297,81.17971801757812,57.79025650024414,2761165
2000-11-20,79.82295227050781,84.7977523803711,79.5968246459961,82.53648376464844,58.756107330322266,2615175
2000-11-21,82.53648376464844,83.89324188232422,75.97879028320312,80.9535903930664,57.629295349121094,3110333
2000-11-22,78.91844177246094,82.31035614013672,75.97879028320312,75.97879028320312,54.08782958984375,3667347
2000-11-24,79.5968246459961,80.50133514404297,77.3355484008789,79.82295227050781,56.824440002441406,1772121
2000-11-27,82.31035614013672,82.76261138916016,78.24005889892578,78.4661865234375,55.85856628417969,2864730
2000-11-28,78.01393127441406,78.24005889892578,74.84815216064453,75.07427978515625,53.44389724731445,3367461
2000-11-29,76.88330078125,76.88330078125,73.94364166259766,75.07427978515625,53.44389724731445,3704467
2000-11-30,73.03913116455078,74.3958969116211,70.55172729492188,72.58687591552734,51.67319107055664,5498782
2000-12-01,72.36074829101562,75.30040740966797,66.02918243408203,67.15982055664062,47.80976486206055,7500033
2000-12-04,67.83820343017578,69.42109680175781,65.5769271850586,66.48143768310547,47.326866149902344,4385167
2000-12-05,69.64722442626953,73.2652587890625,67.38594818115234,68.74271392822266,48.93660354614258,6587052
2000-12-06,68.74271392822266,69.64722442626953,63.76791000366211,64.44629669189453,45.878074645996094,5962625
2000-12-07,57.88859939575195,64.22016906738281,57.2102165222168,64.22016906738281,45.71711349487305,12686961
2000-12-08,69.42109680175781,73.03913116455078,66.9336929321289,69.64722442626953,49.58052444458008,6174618
2000-12-11,70.55172729492188,79.5968246459961,68.74271392822266,78.24005889892578,55.69760513305664,6015388
2000-12-12,76.20491790771484,77.3355484008789,73.03913116455078,75.30040740966797,53.60492706298828,4030334
2000-12-13,76.88330078125,78.24005889892578,72.1346206665039,72.81300354003906,51.93401336669922,3718287
2000-12-14,72.81300354003906,75.52653503417969,72.36074829101562,73.03913116455078,52.09524917602539,2507133
2000-12-15,72.36074829101562,73.03913116455078,69.42109680175781,70.32560729980469,50.15984344482422,3820027
2000-12-18,71.45623779296875,73.71751403808594,69.42109680175781,69.64722442626953,49.67599105834961,3019178
2000-12-19,69.64722442626953,75.7526626586914,68.74271392822266,70.32560729980469,50.15984344482422,4082849
2000-12-20,68.0643310546875,69.87335205078125,66.70756530761719,66.70756530761719,47.57927322387695,4685606
2000-12-21,65.35079956054688,67.83820343017578,62.41114807128906,63.31565475463867,45.15998458862305,4244566
2000-12-22,63.99403762817383,68.51658630371094,63.99403762817383,67.83820343017578,48.38570785522461,3602450
2000-12-26,68.74271392822266,72.81300354003906,68.0643310546875,72.36074829101562,51.61140823364258,3296539
2000-12-27,71.00398254394531,77.3355484008789,71.00398254394531,76.65717315673828,54.675865173339844,4243323
2000-12-28,75.07427978515625,78.4661865234375,74.3958969116211,75.30040740966797,53.70814514160156,3586281
2000-12-29,74.16976928710938,75.30040740966797,72.81300354003906,73.2652587890625,52.25655746459961,3487222
2001-01-02,73.94364166259766,75.30040740966797,73.2652587890625,73.2652587890625,52.25655746459961,2255118
2001-01-03,73.49138641357422,88.4157943725586,73.2652587890625,87.28515625,62.256290435791016,7146609
2001-01-04,82.98873138427734,86.38064575195312,81.85810089111328,83.44098663330078,59.51443099975586,6485809
2001-01-05,82.76261138916016,83.2148666381836,76.43104553222656,76.65717315673828,54.675865173339844,4844643
2001-01-08,76.43104553222656,79.37069702148438,74.3958969116211,78.69231414794922,56.127410888671875,2535104
2001-01-09,75.97879028320312,77.56167602539062,73.71751403808594,74.84815216064453,53.38556671142578,4688674
2001-01-10,73.49138641357422,77.3355484008789,71.68236541748047,76.65717315673828,54.675865173339844,5360641
2001-01-11,75.97879028320312,81.85810089111328,73.49138641357422,80.04907989501953,57.09513473510742,7369852
2001-01-12,78.91844177246094,80.9535903930664,77.56167602539062,80.04907989501953,57.09513473510742,3555906
2001-01-16,80.27520751953125,80.72746276855469,75.97879028320312,76.88330078125,54.837154388427734,2525679
2001-01-17,79.5968246459961,83.44098663330078,78.69231414794922,81.17971801757812,57.90154266357422,4084894
2001-01-18,81.17971801757812,86.83290100097656,80.04907989501953,86.60677337646484,61.772430419921875,4258358
2001-01-19,90.45093536376953,90.90319061279297,87.73741149902344,89.32029724121094,63.70783996582031,7332760
2001-01-22,88.18966674804688,88.64192199707031,84.11936950683594,85.02388000488281,60.64340591430664,3503612
2001-01-23,82.31035614013672,85.70226287841797,81.85810089111328,85.02388000488281,60.64340591430664,2592510
2001-01-24,86.60677337646484,87.28515625,83.89324188232422,84.7977523803711,60.48213195800781,2297986
2001-01-25,83.44098663330078,84.11936950683594,81.40584564208984,81.40584564208984,58.0628547668457,2352961
2001-01-26,81.40584564208984,82.76261138916016,79.37069702148438,81.63197326660156,58.2241325378418,2018553
2001-01-29,79.5968246459961,84.08319091796875,78.04106903076172,83.57666778564453,59.61119079589844,3027387
2001-01-30,81.84001159667969,84.11936950683594,80.93550109863281,83.25104522705078,59.37895965576172,2467885
2001-01-31,82.52743530273438,85.56658935546875,81.94854736328125,82.52743530273438,58.862831115722656,3359694
2001-02-01,80.8631362915039,84.08319091796875,77.96870422363281,79.81390380859375,56.92739486694336,2997564
2001-02-02,80.71841430664062,80.79077911376953,77.06420135498047,77.17273712158203,55.04356384277344,1994341
2001-02-05,75.97879028320312,76.30441284179688,73.59088134765625,73.84414672851562,52.66944122314453,3200133
2001-02-06,72.57783508300781,77.02801513671875,72.57783508300781,75.43608093261719,53.80489730834961,2950163
2001-02-07,73.55470275878906,74.16976928710938,71.99894714355469,72.17984771728516,51.48237609863281,3869225
2001-02-08,71.99894714355469,73.95269012451172,71.09443664550781,71.70950317382812,51.146915435791016,2368245
2001-02-09,70.98589324951172,71.63714599609375,68.38091278076172,68.38091278076172,48.772804260253906,3034877
2001-02-12,68.38091278076172,71.70950317382812,68.38091278076172,70.08138275146484,49.98567581176758,2735627
2001-02-13,72.10749053955078,73.40998077392578,70.00902557373047,71.45623779296875,50.966270446777344,3202565
2001-02-14,71.27533721923828,71.27533721923828,68.52562713623047,69.1045150756836,49.28889846801758,2853702
2001-02-15,69.28541564941406,71.2391586303711,69.1045150756836,69.21305847167969,49.36631774902344,3749491
2001-02-16,67.36785888671875,67.83820343017578,66.71661376953125,67.33168029785156,48.02440643310547,2877029
2001-02-20,68.74271392822266,68.74271392822266,64.36488342285156,66.2100830078125,47.22443389892578,2936537
2001-02-21,64.50960540771484,66.17390441894531,61.687538146972656,62.70058822631836,44.721282958984375,3498361
2001-02-22,61.615177154541016,65.05231475830078,61.144832611083984,62.55586624145508,44.61806869506836,3979644
2001-02-23,58.93783187866211,61.50663757324219,57.924781799316406,58.79310989379883,41.93428039550781,8543886
2001-02-26,59.84233856201172,59.987060546875,56.07958221435547,57.49061584472656,41.005287170410156,5698891
2001-02-27,56.58610534667969,56.984092712402344,55.28361129760742,55.319793701171875,39.45693588256836,4354792
2001-02-28,55.717777252197266,56.00722122192383,54.27056121826172,54.88562774658203,39.14726257324219,4266484
2001-03-01,54.37910461425781,57.707698822021484,53.83639907836914,57.635337829589844,41.10847854614258,4834803
2001-03-02,55.5368766784668,61.542816162109375,55.28361129760742,60.746849060058594,43.327781677246094,5512270
2001-03-05,60.710670471191406,61.86844253540039,60.60212707519531,60.60212707519531,43.224571228027344,2648646
2001-03-06,62.59204864501953,66.3186264038086,62.15788269042969,64.03926086425781,45.67609786987305,3811569
2001-03-07,62.66440963745117,64.22016906738281,60.60212707519531,63.351837158203125,45.185791015625,2926835
2001-03-08,63.31565475463867,64.22016906738281,58.61220932006836,58.79310989379883,41.93428039550781,3566878
2001-03-09,56.984092712402344,58.06950378417969,56.07958221435547,56.26048278808594,40.12787628173828,4177679
2001-03-12,54.37910461425781,57.12881088256836,53.72785568237305,54.27056121826172,38.70857238769531,5762516
2001-03-13,54.27056121826172,55.75395965576172,53.61931610107422,54.994171142578125,39.32956314086914,4246695
2001-03-14,53.87257766723633,55.5368766784668,51.55703353881836,52.42536163330078,37.49244689941406,4140173
2001-03-15,54.27056121826172,54.88562774658203,52.09973907470703,52.135921478271484,37.28545379638672,3278075
2001-03-16,51.15904998779297,52.02737808227539,50.399261474609375,50.65252685546875,36.224605560302734,3915631
2001-03-19,52.353004455566406,54.668548583984375,51.19523239135742,54.27056121826172,38.81205368041992,2892369
2001-03-20,54.27056121826172,54.596187591552734,50.94196701049805,51.08668899536133,36.535091400146484,2736870
2001-03-21,51.08668899536133,54.0534782409668,50.83342742919922,51.23141098022461,36.63859176635742,2911274
2001-03-22,52.135921478271484,57.16499328613281,50.68870544433594,56.73082733154297,40.57154846191406,3725141
2001-03-23,57.852420806884766,59.3358154296875,55.35597229003906,57.852420806884766,41.3736457824707,3734621
2001-03-26,61.25337600708008,61.25337600708008,57.924781799316406,58.93783187866211,42.14989471435547,3037697
2001-03-27,58.93783187866211,60.421226501464844,55.86249923706055,57.74387741088867,41.29603576660156,2869069
2001-03-28,55.60923767089844,56.441383361816406,53.329872131347656,54.19820022583008,38.76031494140625,2334083
2001-03-29,54.08966064453125,54.849449157714844,51.88265609741211,52.533905029296875,37.57008361816406,2386515
2001-03-30,53.185150146484375,53.29369354248047,50.94196701049805,51.59321594238281,36.8973503112793,2805001
2001-04-02,52.09973907470703,53.54695510864258,51.19523239135742,53.185150146484375,38.03583908081055,2456774
2001-04-03,51.73793411254883,51.9911994934082,49.09676742553711,49.567115783691406,35.448368072509766,4869961
2001-04-04,48.843505859375,52.533905029296875,48.69878387451172,50.83342742919922,36.353965759277344,4204600
2001-04-05,52.787166595458984,54.08966064453125,52.280643463134766,54.08966064453125,38.68268966674805,3165252
2001-04-06,51.81029510498047,51.81029510498047,37.98939514160156,41.60742950439453,29.755891799926758,17839837
2001-04-09,44.32095718383789,45.225467681884766,41.245628356933594,41.60742950439453,29.755891799926758,10343149
2001-04-10,43.95915603637695,47.034488677978516,43.163185119628906,47.034488677978516,33.637123107910156,10697789
2001-04-11,50.65252685546875,51.01432800292969,45.94907760620117,46.67268371582031,33.378387451171875,8807565
2001-04-12,46.12997817993164,48.73496627807617,43.95915603637695,47.97517776489258,34.309852600097656,5543972
2001-04-16,47.64955520629883,49.8565559387207,46.20233917236328,49.748016357421875,35.5777473449707,3793576
2001-04-17,48.30080032348633,51.37613296508789,47.97517776489258,50.65252685546875,36.224605560302734,3682245
2001-04-18,53.36605453491211,57.09263229370117,51.91883850097656,54.994171142578125,39.32956314086914,7838310
2001-04-19,54.63236618041992,59.3358154296875,54.08966064453125,58.2142219543457,41.63240432739258,5507571
2001-04-20,57.88859939575195,59.3358154296875,56.29666519165039,57.924781799316406,41.425411224365234,5167857
2001-04-23,56.441383361816406,57.67151641845703,53.61931610107422,55.68159866333008,39.821163177490234,2696793
2001-04-24,55.319793701171875,56.80318832397461,53.47459411621094,53.72785568237305,38.42393493652344,2593284
2001-04-25,53.54695510864258,54.27056121826172,51.84647750854492,54.27056121826172,38.81205368041992,3499466
2001-04-26,54.19820022583008,56.07958221435547,52.82334899902344,52.82334899902344,37.777069091796875,2753095
2001-04-27,54.81326675415039,56.043399810791016,54.45146560668945,56.043399810791016,40.079925537109375,2329357
2001-04-30,57.67151641845703,57.99714279174805,55.175071716308594,56.26048278808594,40.23517990112305,2773299
2001-05-01,55.21125030517578,57.707698822021484,54.81326675415039,57.49061584472656,41.11490249633789,2421451
2001-05-02,58.431304931640625,61.144832611083984,57.780059814453125,59.62525939941406,42.641517639160156,4253328
2001-05-03,57.88859939575195,58.79310989379883,56.62228775024414,57.382076263427734,41.03728485107422,2607906
2001-05-04,54.994171142578125,59.6976203918457,54.88562774658203,59.51671600341797,42.56389236450195,2759341
2001-05-07,59.51671600341797,60.4574089050293,58.250404357910156,59.3358154296875,42.43452453613281,2487758
2001-05-08,61.50663757324219,61.50663757324219,58.829288482666016,59.01019287109375,42.20164489746094,3183964
2001-05-09,57.88859939575195,59.51671600341797,57.34589385986328,57.99714279174805,41.47715377807617,2427504
2001-05-10,59.26345443725586,59.29963684082031,57.16499328613281,57.16499328613281,40.882049560546875,1564080
2001-05-11,57.88859939575195,58.178043365478516,57.02027130126953,57.88859939575195,41.3995246887207,1433899
2001-05-14,57.52679443359375,57.81623840332031,56.441383361816406,56.94791030883789,40.726783752441406,1751723
2001-05-15,54.34292221069336,55.35597229003906,54.01729965209961,54.12583923339844,38.708560943603516,3727684
2001-05-16,54.63236618041992,56.80318832397461,53.54695510864258,56.62228775024414,40.49392318725586,3392115
2001-05-17,56.26048278808594,57.5629768371582,55.175071716308594,56.29666519165039,40.26103973388672,2177838
2001-05-18,56.441383361816406,57.05644989013672,55.573055267333984,56.441383361816406,40.36455154418945,1691331
2001-05-21,56.984092712402344,60.92775344848633,55.5368766784668,59.84233856201172,42.7967643737793,2879655
2001-05-22,60.60212707519531,61.144832611083984,59.04637145996094,60.05942153930664,42.9520149230957,2281016
2001-05-23,58.79310989379883,60.60212707519531,57.382076263427734,58.431304931640625,41.787635803222656,2546325
2001-05-24,58.178043365478516,59.3358154296875,57.02027130126953,58.72074890136719,41.99464797973633,1772231
2001-05-25,58.72074890136719,59.11873245239258,56.69464874267578,56.83937072753906,40.649169921875,1328676
2001-05-29,57.780059814453125,57.81623840332031,54.08966064453125,54.27056121826172,38.81205368041992,2305089
2001-05-30,53.90876007080078,53.90876007080078,50.869606018066406,51.01432800292969,36.483341217041016,2129331
2001-05-31,51.91883850097656,54.27056121826172,51.23141098022461,53.185150146484375,38.03583908081055,2325128
2001-06-01,52.678627014160156,53.185150146484375,51.41231155395508,51.66557693481445,36.94908905029297,2014656
2001-06-04,52.49772262573242,52.82334899902344,51.01432800292969,51.59321594238281,36.8973503112793,1272817
2001-06-05,52.135921478271484,55.5368766784668,51.88265609741211,55.138893127441406,39.43305206298828,1679944
2001-06-06,54.48764419555664,54.921810150146484,53.329872131347656,53.54695510864258,38.294578552246094,2168109
2001-06-07,53.040428161621094,57.74387741088867,53.040428161621094,56.26048278808594,40.23517990112305,2570924
2001-06-08,56.26048278808594,56.26048278808594,54.63236618041992,54.994171142578125,39.32956314086914,1448741
2001-06-11,53.83639907836914,54.23438262939453,53.040428161621094,53.7640380859375,38.4498291015625,1197998
2001-06-12,51.37613296508789,51.55703353881836,48.843505859375,50.65252685546875,36.224605560302734,4654042
2001-06-13,52.6424446105957,53.83639907836914,51.73793411254883,53.83639907836914,38.61189270019531,2875979
2001-06-14,51.37613296508789,52.606266021728516,49.748016357421875,50.399261474609375,36.146732330322266,3592804
2001-06-15,48.843505859375,51.73793411254883,47.97517776489258,51.55703353881836,36.97710037231445,4453215
2001-06-18,50.03746032714844,51.01432800292969,47.0706672668457,47.287750244140625,33.91514587402344,3239159
2001-06-19,48.843505859375,49.748016357421875,47.432472229003906,47.613372802734375,34.14867401123047,3151488
2001-06-20,47.57719421386719,49.38621139526367,46.31087875366211,48.77114486694336,34.979061126708984,3449052
2001-06-21,49.928916931152344,52.063560485839844,49.820377349853516,50.83342742919922,36.4581298828125,3786362
2001-06-22,52.09973907470703,55.138893127441406,51.19523239135742,52.6424446105957,37.755558013916016,3384100
2001-06-25,51.62939453125,53.257511138916016,51.30377197265625,52.6424446105957,37.755558013916016,2269988
2001-06-26,52.606266021728516,53.90876007080078,51.70175552368164,53.004249572753906,38.01505661010742,4056232
2001-06-27,53.36605453491211,56.441383361816406,53.185150146484375,54.56000518798828,39.130859375,2993557
2001-06-28,54.81326675415039,57.67151641845703,54.81326675415039,55.971038818359375,40.142860412597656,2683361
2001-06-29,56.369022369384766,60.60212707519531,55.4283332824707,59.91469955444336,42.97129440307617,4862443
2001-07-02,59.6976203918457,61.65135955810547,58.39512634277344,60.67448806762695,43.516212463378906,3475088
2001-07-03,60.05942153930664,61.32573699951172,59.51671600341797,61.144832611083984,43.853553771972656,1343878
2001-07-05,59.6976203918457,59.769981384277344,57.309715270996094,57.924781799316406,41.54410934448242,2052798
2001-07-06,56.5499267578125,56.80318832397461,55.03034973144531,55.60923767089844,39.883384704589844,1933811
2001-07-09,55.03034973144531,57.12881088256836,54.415283203125,55.60923767089844,39.883384704589844,2651023
2001-07-10,56.9117317199707,57.23735427856445,55.35597229003906,56.07958221435547,40.22072982788086,3282138
2001-07-11,54.27056121826172,57.309715270996094,51.55703353881836,56.69464874267578,40.661834716796875,4396168
2001-07-12,61.57899856567383,67.36785888671875,61.50663757324219,65.6673812866211,47.0971565246582,11187999
2001-07-13,64.22016906738281,64.76287078857422,62.77294921875,63.64128112792969,45.64402770996094,3684760
2001-07-16,63.605098724365234,65.0161361694336,61.83226013183594,62.04934310913086,44.50227355957031,2592897
2001-07-17,62.41114807128906,65.59501647949219,61.470455169677734,65.52265930175781,46.99336624145508,2833304
2001-07-18,64.03926086425781,64.9799575805664,63.098575592041016,63.605098724365234,45.618064880371094,2316366
2001-07-19,65.84828186035156,69.28541564941406,65.48648071289062,69.24923706054688,49.66609191894531,5415588
2001-07-20,67.62112426757812,69.21305847167969,66.57189178466797,66.9336929321289,48.005374908447266,3550267
2001-07-23,68.74271392822266,68.74271392822266,64.94377136230469,65.30558013916016,46.83766174316406,2474656
2001-07-24,65.26939392089844,65.30558013916016,62.1217041015625,62.953853607177734,45.150997161865234,2437924
2001-07-25,62.99003219604492,64.03926086425781,61.687538146972656,62.51968765258789,44.83960723876953,2718656
2001-07-26,62.953853607177734,68.3447265625,62.51968765258789,67.11459350585938,48.135101318359375,4207281
2001-07-27,68.56181335449219,69.50250244140625,68.23619079589844,68.74271392822266,49.302799224853516,4188569
2001-07-30,69.828125,70.3708267211914,68.38091278076172,68.85125732421875,49.38066864013672,3347699
2001-07-31,69.28541564941406,69.28541564941406,66.75279235839844,67.62112426757812,48.49837875366211,4066238
2001-08-01,68.74271392822266,70.15374755859375,67.65730285644531,69.24923706054688,49.66609191894531,3317406
2001-08-02,69.28541564941406,70.51554870605469,69.28541564941406,70.18992614746094,50.34075164794922,3564197
2001-08-03,67.72966003417969,68.27236938476562,66.46334838867188,67.40403747558594,48.342708587646484,2323746
2001-08-06,67.29550170898438,68.63417053222656,66.35480499267578,67.29550170898438,48.264862060546875,1404795
2001-08-07,67.29550170898438,67.72966003417969,66.2824478149414,67.29550170898438,48.264862060546875,1483511
2001-08-08,66.57189178466797,69.03215789794922,65.19703674316406,66.2824478149414,47.53828811645508,2529493
2001-08-09,65.12467193603516,66.2100830078125,64.25634765625,65.08849334716797,46.681976318359375,1802027
2001-08-10,65.84828186035156,65.84828186035156,64.25634765625,65.12467193603516,46.70791244506836,2225626
2001-08-13,65.6673812866211,67.29550170898438,65.26939392089844,66.9336929321289,48.005374908447266,1670270
2001-08-14,67.29550170898438,68.16382598876953,66.60807037353516,66.60807037353516,47.77183532714844,1387603
2001-08-15,66.02918243408203,66.82514953613281,62.77294921875,62.953853607177734,45.150997161865234,2483197
2001-08-16,62.23024368286133,65.12467193603516,61.7598991394043,65.12467193603516,46.70791244506836,2394116
2001-08-17,62.23024368286133,63.677459716796875,60.24032211303711,61.50663757324219,44.11304473876953,2672554
2001-08-20,59.6976203918457,61.25337600708008,59.11873245239258,59.87852096557617,42.94532775878906,2478637
2001-08-21,61.361915588378906,62.33878707885742,59.87852096557617,60.05942153930664,43.0750846862793,1940886
2001-08-22,62.01316452026367,65.05231475830078,61.542816162109375,64.58197021484375,46.318687438964844,2697263
2001-08-23,65.30558013916016,65.92064666748047,64.25634765625,65.48648071289062,46.967411041259766,2413021
2001-08-24,65.12467193603516,68.16382598876953,64.9799575805664,67.83820343017578,48.654083251953125,2478443
2001-08-27,67.47640228271484,68.56181335449219,66.9336929321289,68.09146881103516,48.83573913574219,1820794
2001-08-28,68.74271392822266,69.828125,67.36785888671875,67.47640228271484,48.39459228515625,2915945
2001-08-29,68.38091278076172,69.03215789794922,65.558837890625,66.24626922607422,47.5123291015625,2516337
2001-08-30,64.40106964111328,65.84828186035156,60.167964935302734,62.23024368286133,44.63202667236328,4090837
2001-08-31,61.0001106262207,63.858360290527344,61.0001106262207,62.953853607177734,45.150997161865234,1838870
2001-09-04,62.41114807128906,65.48648071289062,61.50663757324219,63.279476165771484,45.384525299072266,2893641
2001-09-05,60.638309478759766,61.289554595947266,58.358943939208984,59.3358154296875,42.55611801147461,4280801
2001-09-06,57.707698822021484,58.576026916503906,49.13294982910156,50.43544387817383,36.17267990112305,7586903
2001-09-07,50.471622467041016,53.185150146484375,48.77114486694336,51.70175552368164,37.08089065551758,4428423
2001-09-10,49.928916931152344,54.81326675415039,49.928916931152344,54.415283203125,39.02706527709961,3664307
2001-09-17,54.27056121826172,56.26048278808594,50.68870544433594,53.47459411621094,38.46928024291992,4639449
2001-09-18,52.6424446105957,56.29666519165039,52.42536163330078,55.898677825927734,40.2131462097168,3567652
2001-09-19,56.29666519165039,57.16499328613281,52.533905029296875,56.00722122192383,40.291229248046875,4079643
2001-09-20,54.27056121826172,55.68159866333008,52.82334899902344,52.82334899902344,38.00076675415039,3461213
2001-09-21,49.748016357421875,54.415283203125,49.06058883666992,53.98112106323242,38.833675384521484,4030638
2001-09-24,55.175071716308594,56.73082733154297,54.08966064453125,55.573055267333984,39.978912353515625,3594048
2001-09-25,54.70472717285156,57.16499328613281,54.30674362182617,55.898677825927734,40.2131462097168,2541848
2001-09-26,57.88859939575195,57.88859939575195,54.994171142578125,55.971038818359375,40.26520538330078,2510090
2001-09-27,55.066532135009766,56.07958221435547,52.6424446105957,56.07958221435547,40.34329605102539,2086214
2001-09-28,56.441383361816406,57.49061584472656,55.138893127441406,56.441383361816406,40.60356521606445,2293536
2001-10-01,55.717777252197266,56.369022369384766,54.27056121826172,55.35597229003906,39.82273864746094,1846277
2001-10-02,55.35597229003906,56.369022369384766,53.90876007080078,55.10271072387695,39.640533447265625,3232526
2001-10-03,53.72785568237305,56.65846633911133,51.55703353881836,55.5368766784668,39.95286560058594,5371227
2001-10-04,56.9117317199707,60.05942153930664,54.81326675415039,57.49061584472656,41.358375549316406,4437848
2001-10-05,58.06950378417969,61.32573699951172,57.05644989013672,61.144832611083984,43.98719787597656,3349827
2001-10-08,60.05942153930664,64.76287078857422,59.55289840698242,62.91767120361328,45.26255798339844,3838656
2001-10-09,62.91767120361328,62.91767120361328,59.3358154296875,60.493587493896484,43.51869583129883,3801232
2001-10-10,57.88859939575195,61.65135955810547,57.52679443359375,61.18101501464844,44.01323699951172,4631323
2001-10-11,62.59204864501953,64.11162567138672,61.144832611083984,62.77294921875,45.15843963623047,4414797
2001-10-12,62.77294921875,63.822181701660156,60.963932037353516,63.822181701660156,45.91328048706055,2496160
2001-10-15,62.4835090637207,64.25634765625,61.542816162109375,63.605098724365234,45.75709915161133,1826322
2001-10-16,62.41114807128906,64.22016906738281,61.86844253540039,63.31565475463867,45.548892974853516,3148088
2001-10-17,64.9075927734375,65.12467193603516,63.31565475463867,64.07544708251953,46.09548568725586,4054684
2001-10-18,64.07544708251953,64.94377136230469,62.84531021118164,64.76287078857422,46.58999252319336,2668463
2001-10-19,63.858360290527344,64.00308227539062,62.08552551269531,63.31565475463867,45.548892974853516,2914840
2001-10-22,61.50663757324219,65.12467193603516,60.60212707519531,64.94377136230469,46.72013473510742,3110720
2001-10-23,65.05231475830078,65.08849334716797,63.2432975769043,63.31565475463867,45.548892974853516,2276289
2001-10-24,62.953853607177734,64.07544708251953,62.41114807128906,63.858360290527344,45.93929672241211,2377421
2001-10-25,61.50663757324219,63.170936584472656,60.819210052490234,62.51968765258789,44.976253509521484,5651959
2001-10-26,60.85539245605469,62.73677062988281,60.85539245605469,62.04934310913086,44.637901306152344,5569262
2001-10-29,61.687538146972656,62.59204864501953,61.18101501464844,61.32573699951172,44.11733627319336,2850606
2001-10-30,60.27650451660156,60.85539245605469,57.59915542602539,58.39512634277344,42.009090423583984,3694821
2001-10-31,59.87852096557617,61.72372055053711,59.11873245239258,59.22727584838867,42.60773849487305,3328324
2001-11-01,60.20414352416992,62.41114807128906,59.15491485595703,62.41114807128906,44.89816665649414,2402352
2001-11-02,61.687538146972656,63.279476165771484,60.24032211303711,60.78303146362305,43.7269172668457,2678939
2001-11-05,61.32573699951172,62.77294921875,61.32573699951172,61.86844253540039,44.50776290893555,3038166
2001-11-06,61.50663757324219,63.38801574707031,61.32573699951172,63.31565475463867,45.548892974853516,2150282
2001-11-07,61.687538146972656,64.9075927734375,61.50663757324219,63.06239318847656,45.366695404052734,2860390
2001-11-08,63.026214599609375,65.95682525634766,62.4835090637207,63.31565475463867,45.548892974853516,3994762
2001-11-09,61.50663757324219,63.31565475463867,61.289554595947266,62.37496566772461,44.87215805053711,2911606
2001-11-12,62.23024368286133,64.00308227539062,60.02324295043945,63.605098724365234,45.75709915161133,3034021
2001-11-13,65.05231475830078,66.68042755126953,64.1478042602539,65.73973846435547,47.29274368286133,4753129
2001-11-14,66.75279235839844,68.01910400390625,65.6673812866211,67.29550170898438,48.411949157714844,3996614
2001-11-15,66.02918243408203,68.12764739990234,65.6312026977539,66.9336929321289,48.15166091918945,3147839
2001-11-16,66.9336929321289,67.07841491699219,65.48648071289062,66.9336929321289,48.15166091918945,2694997
2001-11-19,66.2100830078125,67.47640228271484,64.00308227539062,64.87141418457031,46.66807556152344,3190791
2001-11-20,63.677459716796875,64.36488342285156,62.953853607177734,63.170936584472656,45.444759368896484,2406609
2001-11-21,62.70058822631836,63.677459716796875,61.86844253540039,62.99003219604492,45.31462860107422,1714134
2001-11-23,62.59204864501953,64.1839828491211,62.59204864501953,63.930721282958984,45.991355895996094,709501
2001-11-26,63.677459716796875,65.70355987548828,63.496559143066406,64.9799575805664,46.74617385864258,2747981
2001-11-27,63.56892013549805,65.08849334716797,62.59204864501953,63.351837158203125,45.574913024902344,2761967
2001-11-28,62.953853607177734,62.99003219604492,61.361915588378906,61.542816162109375,44.27351379394531,2827527
2001-11-29,61.361915588378906,61.398094177246094,57.88859939575195,60.05942153930664,43.20635986328125,5129134
2001-11-30,60.05942153930664,60.60212707519531,58.86547088623047,59.84233856201172,43.050201416015625,2901158
2001-12-03,59.15491485595703,61.94080352783203,59.15491485595703,61.144832611083984,43.98719787597656,2354757
2001-12-04,61.687538146972656,62.04934310913086,60.3488655090332,61.687538146972656,44.377620697021484,2738474
2001-12-05,63.677459716796875,65.19703674316406,63.098575592041016,64.72669219970703,46.563968658447266,3772929
2001-12-06,64.72669219970703,64.72669219970703,61.50663757324219,62.59204864501953,45.0283088684082,5607764
2001-12-07,61.687538146972656,62.44732666015625,59.37199401855469,60.92775344848633,43.831024169921875,3972568
2001-12-10,59.84233856201172,61.83226013183594,59.40817642211914,60.24032211303711,43.33649444580078,2282094
2001-12-11,61.144832611083984,61.687538146972656,60.02324295043945,60.85539245605469,43.77897644042969,2795272
2001-12-12,60.421226501464844,61.25337600708008,59.22727584838867,61.217193603515625,44.14423370361328,2341159
2001-12-13,59.51671600341797,59.6976203918457,58.2142219543457,58.431304931640625,42.13530731201172,3142145
2001-12-14,58.286582946777344,59.66143798828125,57.309715270996094,58.829288482666016,42.42228317260742,2715699
2001-12-17,57.99714279174805,60.167964935302734,57.88859939575195,58.86547088623047,42.448394775390625,2359622
2001-12-18,60.05942153930664,60.493587493896484,59.44435501098633,60.095603942871094,43.3354377746582,2594970
2001-12-19,57.52679443359375,58.033321380615234,56.07958221435547,57.02027130126953,41.11782455444336,6718449
2001-12-20,55.28361129760742,56.22430419921875,54.30674362182617,55.175071716308594,39.78721237182617,3461048
2001-12-21,55.175071716308594,56.07958221435547,53.80021667480469,54.23438262939453,39.108882904052734,4982093
2001-12-24,54.23438262939453,54.23438262939453,53.47459411621094,53.72785568237305,38.74361801147461,1231552
2001-12-26,53.583133697509766,54.63236618041992,53.185150146484375,53.54695510864258,38.61317443847656,2349616
2001-12-27,53.90876007080078,54.19820022583008,53.185150146484375,53.583133697509766,38.63923645019531,2730900
2001-12-28,53.583133697509766,54.27056121826172,53.185150146484375,53.90876007080078,38.874061584472656,2547237
2001-12-31,53.583133697509766,55.4283332824707,53.257511138916016,54.34292221069336,39.187156677246094,3544435
2002-01-02,54.596187591552734,56.22430419921875,53.98112106323242,56.22430419921875,40.543827056884766,3668591
2002-01-03,56.62228775024414,57.88859939575195,56.07958221435547,57.52679443359375,41.48306655883789,3719751
2002-01-04,58.06950378417969,58.756927490234375,55.573055267333984,56.26048278808594,40.56990432739258,3132416
2002-01-07,56.5499267578125,57.16499328613281,54.27056121826172,54.88562774658203,39.578487396240234,2565203
2002-01-08,54.27056121826172,55.247432708740234,53.43841552734375,53.54695510864258,38.61317443847656,3010499
2002-01-09,54.08966064453125,54.19820022583008,52.17210006713867,52.31682205200195,37.72610855102539,3554662
2002-01-10,52.135921478271484,54.23438262939453,50.72488784790039,51.01432800292969,36.786861419677734,3840507
2002-01-11,51.55703353881836,52.353004455566406,50.65252685546875,51.88265609741211,37.41302490234375,2209015
2002-01-14,51.73793411254883,52.09973907470703,50.471622467041016,51.33995056152344,37.021663665771484,2178584
2002-01-15,52.09973907470703,52.353004455566406,49.928916931152344,50.94196701049805,36.73469924926758,2757738
2002-01-16,49.02440643310547,51.55703353881836,48.80732727050781,50.29072189331055,36.26506805419922,4147497
2002-01-17,51.48467254638672,52.208282470703125,50.83342742919922,51.55703353881836,37.17820739746094,2772111
2002-01-18,50.29072189331055,51.73793411254883,49.748016357421875,51.55703353881836,37.17820739746094,2736069
2002-01-22,51.01432800292969,51.44849395751953,48.95204544067383,48.95204544067383,35.29972839355469,2922634
2002-01-23,49.63947677612305,50.254539489746094,47.468650817871094,49.06058883666992,35.37799835205078,6333102
2002-01-24,48.98822784423828,50.18217849731445,48.48170471191406,48.843505859375,35.221473693847656,6779670
2002-01-25,48.30080032348633,50.03746032714844,47.938995361328125,48.843505859375,35.221473693847656,3537664
2002-01-28,49.13294982910156,49.748016357421875,48.87968826293945,48.95204544067383,35.29972839355469,2358433
2002-01-29,48.98822784423828,50.65252685546875,48.11989974975586,48.66260528564453,35.091007232666016,3745373
2002-01-30,48.80732727050781,49.422393798828125,46.23851776123047,48.48170471191406,34.96056365966797,3811514
2002-01-31,48.15607833862305,49.02440643310547,47.468650817871094,48.15607833862305,34.72575759887695,3773980
2002-02-01,48.04753875732422,48.66260528564453,47.57719421386719,47.685733795166016,34.38660430908203,2216727
2002-02-04,47.39628982543945,47.938995361328125,44.899845123291016,45.0445671081543,32.48201370239258,3380866
2002-02-05,45.080745697021484,45.080745697021484,43.01846694946289,43.163185119628906,31.125337600708008,4378258
2002-02-06,44.86366653442383,44.93602752685547,43.23554611206055,43.59735107421875,31.43844985961914,4577288
2002-02-07,43.778255462646484,45.11692810058594,43.6335334777832,44.501861572265625,32.09066390991211,3975194
2002-02-08,44.86366653442383,46.564144134521484,44.248600006103516,46.31087875366211,33.39516830444336,4235860
2002-02-11,47.034488677978516,49.09676742553711,46.85358428955078,48.66260528564453,35.091007232666016,3345571
2002-02-12,47.25157165527344,49.38621139526367,47.034488677978516,48.48170471191406,34.96056365966797,3271774
2002-02-13,49.38621139526367,49.820377349853516,48.083717346191406,48.48170471191406,34.96056365966797,1812751
2002-02-14,48.30080032348633,48.843505859375,47.468650817871094,47.57719421386719,34.30832290649414,1652830
2002-02-15,48.04753875732422,48.30080032348633,45.58727264404297,46.09379959106445,33.23862838745117,2960141
2002-02-19,45.225467681884766,46.27470016479492,43.95915603637695,44.32095718383789,31.96021270751953,2811469
2002-02-20,44.86366653442383,44.86366653442383,43.48881149291992,44.755123138427734,32.2733154296875,5209620
2002-02-21,44.32095718383789,44.39331817626953,42.837562561035156,43.41645050048828,31.307966232299805,2922192
2002-02-22,42.511940002441406,43.74207305908203,37.98939514160156,42.69284439086914,30.786170959472656,2672333
2002-02-25,43.163185119628906,47.541011810302734,43.12700653076172,47.215389251708984,34.04740524291992,3954409
2002-02-26,47.215389251708984,47.8304557800293,45.73199462890625,46.92594528198242,33.83870315551758,2604008
2002-02-27,47.39628982543945,48.843505859375,46.34706115722656,48.843505859375,35.221473693847656,3104584
2002-02-28,48.66260528564453,48.66260528564453,46.4194221496582,47.034488677978516,33.91695785522461,2091880
2002-03-01,48.22843933105469,50.29072189331055,47.034488677978516,50.29072189331055,36.26506805419922,2435630
2002-03-04,50.29072189331055,52.461544036865234,49.350032806396484,51.55703353881836,37.17820739746094,2847124
2002-03-05,51.37613296508789,53.80021667480469,50.399261474609375,53.54695510864258,38.61317443847656,3626441
2002-03-06,52.461544036865234,53.655494689941406,51.30377197265625,53.61931610107422,38.66534423828125,2816693
2002-03-07,53.004249572753906,53.72785568237305,51.62939453125,52.57008361816406,37.90873718261719,3020533
2002-03-08,53.185150146484375,54.48764419555664,53.040428161621094,53.94493865966797,38.90016174316406,2846847
2002-03-11,52.461544036865234,53.90876007080078,52.09973907470703,53.29369354248047,38.4305305480957,1989891
2002-03-12,51.37613296508789,52.6424446105957,50.83342742919922,52.280643463134766,37.700035095214844,3010969
2002-03-13,51.955020904541016,51.9911994934082,50.218360900878906,50.94196701049805,36.83666229248047,2216312
2002-03-14,50.6163444519043,51.01432800292969,49.13294982910156,50.43544387817383,36.47037887573242,2498095
2002-03-15,49.675655364990234,50.65252685546875,49.2053108215332,50.65252685546875,36.627357482910156,2646435
2002-03-18,50.65252685546875,51.70175552368164,49.53093338012695,50.254539489746094,36.33957290649414,2610891
2002-03-19,49.2053108215332,50.65252685546875,49.2053108215332,50.65252685546875,36.627357482910156,3575060
2002-03-20,49.78419494628906,49.892738342285156,47.8304557800293,47.8304557800293,34.58670425415039,2448289
2002-03-21,48.95204544067383,49.16912841796875,47.794273376464844,48.843505859375,35.31922912597656,2949306
2002-03-22,49.38621139526367,50.10981750488281,48.1922607421875,48.59024429321289,35.13610076904297,2724516
2002-03-25,48.30080032348633,49.31385040283203,48.11989974975586,48.77114486694336,35.26690673828125,1615240
2002-03-26,47.287750244140625,49.567115783691406,47.25157165527344,49.350032806396484,35.68552017211914,2432507
2002-03-27,48.843505859375,50.10981750488281,48.843505859375,49.748016357421875,35.97330093383789,1976735
2002-03-28,49.748016357421875,51.37613296508789,49.603294372558594,51.37613296508789,37.150604248046875,2758567
2002-04-01,50.869606018066406,53.655494689941406,50.03746032714844,52.6424446105957,38.06627655029297,2503761
2002-04-02,52.6424446105957,53.14897155761719,52.135921478271484,52.6424446105957,38.06627655029297,2988582
2002-04-03,52.461544036865234,53.07661056518555,51.41231155395508,51.55703353881836,37.28140640258789,2375763
2002-04-04,51.37613296508789,51.70175552368164,50.29072189331055,50.29072189331055,36.36572265625,3254665
2002-04-05,50.543983459472656,51.37613296508789,48.51788330078125,49.928916931152344,36.1041145324707,2762686
2002-04-08,48.30080032348633,50.94196701049805,47.794273376464844,50.43544387817383,36.47037887573242,2814758
2002-04-09,50.10981750488281,51.05051040649414,48.59024429321289,50.10981750488281,36.23491668701172,2470732
2002-04-10,50.29072189331055,52.461544036865234,49.748016357421875,50.10981750488281,36.23491668701172,3667845
2002-04-11,48.843505859375,50.10981750488281,48.44552230834961,49.2053108215332,35.58086013793945,2048846
2002-04-12,47.938995361328125,49.09676742553711,47.57719421386719,48.62642288208008,35.162261962890625,2743504
2002-04-15,50.471622467041016,50.471622467041016,49.06058883666992,49.422393798828125,35.73783874511719,2400611
2002-04-16,52.461544036865234,54.27056121826172,51.55703353881836,54.27056121826172,39.243587493896484,5172638
2002-04-17,57.16499328613281,59.08255386352539,55.898677825927734,59.08255386352539,42.72318649291992,9052145
2002-04-18,57.52679443359375,58.06950378417969,55.717777252197266,57.52679443359375,41.59821319580078,4701361
2002-04-19,58.250404357910156,58.64838790893555,56.441383361816406,57.5629768371582,41.6243782043457,2866361
2002-04-22,54.34292221069336,56.87554931640625,54.30674362182617,56.62228775024414,40.944149017333984,3009698
2002-04-23,56.07958221435547,56.80318832397461,53.004249572753906,53.22133255004883,38.484893798828125,3283272
2002-04-24,53.54695510864258,54.48764419555664,52.280643463134766,52.280643463134766,37.8046875,2471063
2002-04-25,52.280643463134766,54.19820022583008,51.70175552368164,53.61931610107422,38.772674560546875,1812613
2002-04-26,54.19820022583008,54.81326675415039,52.89570617675781,54.27056121826172,39.243587493896484,3442032
2002-04-29,54.34292221069336,56.87554931640625,53.72785568237305,54.88562774658203,39.688350677490234,2986315
2002-04-30,54.88562774658203,56.65846633911133,54.81326675415039,55.717777252197266,40.29008102416992,3421496
2002-05-01,56.15194320678711,56.29666519165039,53.87257766723633,55.86249923706055,40.39473342895508,3007487
2002-05-02,55.247432708740234,56.07958221435547,54.88562774658203,55.5368766784668,40.159278869628906,2088287
2002-05-03,54.81326675415039,54.994171142578125,53.22133255004883,53.87257766723633,38.95581817626953,1864768
2002-05-06,53.90876007080078,54.63236618041992,52.24446105957031,52.24446105957031,37.77850341796875,2477033
2002-05-07,52.82334899902344,53.72785568237305,52.02737808227539,53.14897155761719,38.43256759643555,3048255
2002-05-08,54.45146560668945,57.88859939575195,54.27056121826172,57.52679443359375,41.59821319580078,4389396
2002-05-09,57.52679443359375,57.52679443359375,55.21125030517578,55.35597229003906,40.028472900390625,2202575
2002-05-10,56.043399810791016,56.043399810791016,53.4022331237793,53.4022331237793,38.61570358276367,1819633
2002-05-13,53.43841552734375,57.52679443359375,53.43841552734375,57.52679443359375,41.59821319580078,2037928
2002-05-14,58.178043365478516,58.9740104675293,57.924781799316406,58.61220932006836,42.383087158203125,3203505
2002-05-15,57.88859939575195,60.565948486328125,57.16499328613281,58.93783187866211,42.61854553222656,3651178
2002-05-16,59.84233856201172,60.421226501464844,59.04637145996094,60.421226501464844,43.69120788574219,2163687
2002-05-17,60.78303146362305,61.144832611083984,59.22727584838867,60.710670471191406,43.9005012512207,2273581
2002-05-20,60.710670471191406,61.72372055053711,59.6976203918457,60.78303146362305,43.95283508300781,2368218
2002-05-21,61.50663757324219,61.90462112426758,59.19109344482422,59.3358154296875,42.906333923339844,2640188
2002-05-22,59.51671600341797,60.67448806762695,59.11873245239258,59.6976203918457,43.167945861816406,2102272
2002-05-23,61.072471618652344,61.94080352783203,60.3488655090332,61.32573699951172,44.34526443481445,2565645
2002-05-24,60.4574089050293,61.32573699951172,59.91469955444336,60.963932037353516,44.08364486694336,1558442
2002-05-28,60.963932037353516,61.18101501464844,58.9740104675293,60.31268310546875,43.61272048950195,2081874
2002-05-29,59.22727584838867,59.58907699584961,57.59915542602539,57.852420806884766,41.83366012573242,2528083
2002-05-30,56.441383361816406,57.59915542602539,55.066532135009766,57.09263229370117,41.28426742553711,3083633
2002-05-31,56.5499267578125,58.105682373046875,56.51374435424805,57.852420806884766,41.83366012573242,2652460
2002-06-03,56.94791030883789,57.52679443359375,54.74090576171875,55.5368766784668,40.159278869628906,1819688
2002-06-04,55.175071716308594,56.58610534667969,54.45146560668945,56.58610534667969,40.91799545288086,2023196
2002-06-05,55.898677825927734,56.58610534667969,54.74090576171875,55.790138244628906,40.3424186706543,2065401
2002-06-06,55.247432708740234,55.392154693603516,52.49772262573242,53.36605453491211,38.58953857421875,3376858
2002-06-07,50.65252685546875,54.415283203125,49.820377349853516,53.61931610107422,38.772674560546875,3259198
2002-06-10,53.36605453491211,55.175071716308594,52.606266021728516,55.175071716308594,39.897647857666016,1737682
2002-06-11,55.28361129760742,55.5368766784668,52.09973907470703,52.280643463134766,37.8046875,3202316
2002-06-12,51.44849395751953,56.984092712402344,51.44849395751953,56.65846633911133,41.08403396606445,7260373
2002-06-13,56.65846633911133,58.39512634277344,56.26048278808594,57.382076263427734,41.6087532043457,4067205
2002-06-14,54.37910461425781,56.87554931640625,53.90876007080078,56.441383361816406,40.9266357421875,4189454
2002-06-17,56.441383361816406,60.02324295043945,56.441383361816406,59.3358154296875,43.02544021606445,3382690
2002-06-18,58.06950378417969,61.43427658081055,58.033321380615234,58.53984832763672,42.448265075683594,2419102
2002-06-19,57.88859939575195,58.46748733520508,55.93486022949219,56.07958221435547,40.66427993774414,2965807
2002-06-20,56.94791030883789,57.52679443359375,53.329872131347656,53.47459411621094,38.77535629272461,4103274
2002-06-21,52.461544036865234,54.30674362182617,52.42536163330078,53.94493865966797,39.11642837524414,5327971
2002-06-24,53.185150146484375,53.87257766723633,51.91883850097656,52.17210006713867,37.830902099609375,4013999
2002-06-25,53.72785568237305,55.5368766784668,51.05051040649414,51.66557693481445,37.463600158691406,4090422
2002-06-26,48.91586685180664,51.37613296508789,48.66260528564453,50.79724884033203,36.833988189697266,4869076
2002-06-27,52.787166595458984,53.22133255004883,51.01432800292969,52.280643463134766,37.909629821777344,3689293
2002-06-28,51.91883850097656,54.01729965209961,51.62939453125,52.787166595458984,38.276893615722656,3938019
2002-07-01,53.36605453491211,54.34292221069336,51.19523239135742,51.73793411254883,37.51605987548828,2620813
2002-07-02,51.70175552368164,52.6424446105957,49.350032806396484,51.23141098022461,37.14876937866211,3053810
2002-07-03,49.748016357421875,52.859527587890625,49.748016357421875,52.49772262573242,38.067012786865234,2834492
2002-07-05,57.88859939575195,58.06950378417969,52.606266021728516,54.81326675415039,39.74605178833008,1850147
2002-07-08,54.81326675415039,55.066532135009766,52.96806716918945,53.07661056518555,38.48677444458008,2485049
2002-07-09,52.82334899902344,54.415283203125,52.6424446105957,52.82334899902344,38.303123474121094,2698811
2002-07-10,52.6424446105957,52.82334899902344,50.10981750488281,50.58016586303711,36.67655944824219,3496758
2002-07-11,48.15607833862305,49.350032806396484,45.26165008544922,48.66260528564453,35.28609848022461,7537899
2002-07-12,48.66260528564453,50.471622467041016,48.083717346191406,49.78419494628906,36.09938430786133,3541588
2002-07-15,48.37316131591797,50.073638916015625,47.72191619873047,50.073638916015625,36.30927658081055,3173820
2002-07-16,49.928916931152344,53.4022331237793,49.31385040283203,52.57008361816406,38.119483947753906,5234910
2002-07-17,55.175071716308594,55.898677825927734,53.54695510864258,54.81326675415039,39.74605178833008,5488970
2002-07-18,54.27056121826172,54.994171142578125,53.36605453491211,54.27056121826172,39.35253143310547,3876991
2002-07-19,54.27056121826172,54.45146560668945,52.02737808227539,53.7640380859375,38.98524475097656,3423209
2002-07-22,53.040428161621094,53.54695510864258,50.03746032714844,51.08668899536133,37.043846130371094,3526912
2002-07-23,48.48170471191406,50.65252685546875,47.938995361328125,48.48170471191406,35.1549186706543,5144115
2002-07-24,46.27470016479492,49.675655364990234,45.73199462890625,48.69878387451172,35.31232833862305,4882177
2002-07-25,47.50483322143555,47.541011810302734,42.294857025146484,44.06769561767578,31.954256057739258,5758923
2002-07-26,40.70292282104492,40.920005798339844,37.95321273803711,39.436607360839844,28.596179962158203,14542663
2002-07-29,43.41645050048828,44.06769561767578,40.19639587402344,43.74207305908203,31.718143463134766,5539163
2002-07-30,42.58430099487305,45.58727264404297,42.33103942871094,43.34408950805664,31.429555892944336,4622064
2002-07-31,43.95915603637695,43.95915603637695,41.462711334228516,41.969234466552734,30.4326171875,4832344
2002-08-01,41.969234466552734,43.19936752319336,40.52201843261719,41.245628356933594,29.907922744750977,2669292
2002-08-02,41.245628356933594,41.245628356933594,39.436607360839844,39.94313430786133,28.96346092224121,2742150
2002-08-05,39.87077331542969,40.19639587402344,37.08488464355469,37.30196762084961,27.048307418823242,3029488
2002-08-06,38.7130012512207,40.30493927001953,38.17029571533203,39.61751174926758,28.727344512939453,4741493
2002-08-07,40.77528381347656,41.42652893066406,38.785362243652344,39.79841232299805,28.8585205078125,2576010
2002-08-08,39.979312896728516,43.01846694946289,39.653690338134766,42.69284439086914,30.957332611083984,3812564
2002-08-09,40.95618438720703,43.74207305908203,40.34111785888672,43.41645050048828,31.48202896118164,4225274
2002-08-12,42.33103942871094,42.69284439086914,40.77528381347656,41.1370849609375,29.829208374023438,2629243
2002-08-13,40.88382339477539,43.45262908935547,40.70292282104492,41.42652893066406,30.039106369018555,2093262
2002-08-14,40.88382339477539,43.95915603637695,40.01549530029297,43.66971206665039,31.665672302246094,2592649
2002-08-15,43.41645050048828,45.153106689453125,42.87374496459961,44.501861572265625,32.2690544128418,2406332
2002-08-16,44.32095718383789,47.215389251708984,43.56117248535156,46.67268371582031,33.84318923950195,2687645
2002-08-19,46.67268371582031,48.843505859375,45.98525619506836,48.40934371948242,35.102455139160156,2810695
2002-08-20,47.143028259277344,48.11989974975586,45.65963363647461,45.84053421020508,33.23976135253906,2908870
2002-08-21,46.20233917236328,48.80732727050781,45.98525619506836,48.40934371948242,35.102455139160156,1948957
2002-08-22,47.938995361328125,49.78419494628906,47.613372802734375,48.95204544067383,35.49597930908203,2094727
2002-08-23,47.758094787597656,48.59024429321289,46.564144134521484,47.034488677978516,34.10551834106445,1830523
2002-08-26,47.0706672668457,48.30080032348633,46.20233917236328,47.034488677978516,34.10551834106445,1859129
2002-08-27,47.685733795166016,48.11989974975586,46.12997817993164,46.23851776123047,33.52836608886719,1864187
2002-08-28,45.297828674316406,46.02143859863281,43.59735107421875,43.778255462646484,31.744373321533203,2163189
2002-08-29,43.38026809692383,45.0445671081543,42.367218017578125,44.53804016113281,32.29530334472656,2099812
2002-08-30,43.41645050048828,44.46567916870117,43.12700653076172,43.41645050048828,31.48202896118164,1520465
2002-09-03,41.788333892822266,42.6204833984375,41.643611907958984,42.113956451416016,30.537559509277344,2393452
2002-09-04,42.15013885498047,43.81443405151367,42.15013885498047,43.66971206665039,31.665672302246094,1860290
2002-09-05,42.15013885498047,43.05464553833008,41.571250915527344,42.47576141357422,30.799907684326172,3114064
2002-09-06,44.32095718383789,44.71894454956055,43.56117248535156,44.39331817626953,32.19035720825195,3089658
2002-09-09,44.357139587402344,46.31087875366211,43.778255462646484,45.478729248046875,32.9774055480957,2742039
2002-09-10,45.51491165161133,45.94907760620117,43.74207305908203,44.46567916870117,32.242835998535156,2104898
2002-09-11,45.84053421020508,45.94907760620117,44.176239013671875,44.61040115356445,32.453399658203125,1580194
2002-09-12,43.74207305908203,43.95915603637695,42.2586784362793,42.294857025146484,30.768877029418945,2121979
2002-09-13,41.93305587768555,42.837562561035156,41.02854537963867,41.643611907958984,30.29511833190918,2423966
2002-09-16,39.79841232299805,41.42652893066406,39.79841232299805,40.48583984375,29.452852249145508,1739949
2002-09-17,40.48583984375,42.33103942871094,38.31501770019531,38.64064025878906,28.110492706298828,2821198
2002-09-18,38.3511962890625,40.1240348815918,37.15724563598633,39.03862380981445,28.40001106262207,2195914
2002-09-19,37.30196762084961,38.13411331176758,36.18037414550781,36.614540100097656,26.63652801513672,2969427
2002-09-20,38.38737869262695,39.183345794677734,37.3381462097168,37.91703414916992,27.584077835083008,4022567
2002-09-23,36.542179107666016,37.699951171875,36.43363952636719,36.614540100097656,26.63652801513672,1947105
2002-09-24,36.36127853393555,37.51905059814453,35.89093017578125,36.36127853393555,26.45229721069336,2890130
2002-09-25,38.13411331176758,40.23257827758789,36.940162658691406,38.930084228515625,28.321054458618164,3900042
2002-09-26,39.87077331542969,40.44965744018555,38.0617561340332,38.49591827392578,28.005212783813477,4030085
2002-09-27,37.265785217285156,39.255706787109375,37.121063232421875,37.22960662841797,27.0839786529541,2689386
2002-09-30,36.18037414550781,37.98939514160156,35.49294662475586,36.83162307739258,26.794469833374023,3318456
2002-10-01,37.30196762084961,38.13411331176758,36.469818115234375,37.91703414916992,27.584077835083008,3320640
2002-10-02,37.62759017944336,39.436607360839844,36.542179107666016,36.723079681396484,26.715496063232422,2703676
2002-10-03,38.604461669921875,39.21952819824219,37.265785217285156,37.84467315673828,27.531450271606445,3707480
2002-10-04,38.17029571533203,38.89390182495117,36.18037414550781,36.216556549072266,26.347009658813477,2949997
2002-10-07,35.52912902832031,36.5783576965332,34.37135696411133,34.37135696411133,25.00465965270996,2855001
2002-10-08,35.09496307373047,35.42058563232422,31.296024322509766,35.2758674621582,25.662668228149414,5414289
2002-10-09,32.74324035644531,33.503028869628906,29.19756317138672,30.02971076965332,21.846158981323242,8248118
2002-10-10,30.463876724243164,33.503028869628906,30.391515731811523,32.887962341308594,23.925508499145508,7068611
2002-10-11,35.02260208129883,36.469818115234375,34.5522575378418,36.071834564208984,26.241724014282227,4441441
2002-10-14,35.81856918334961,37.01252365112305,34.98642349243164,36.542179107666016,26.58389663696289,2672195
2002-10-15,38.3511962890625,38.89390182495117,35.71002960205078,36.542179107666016,26.58389663696289,5945267
2002-10-16,28.980480194091797,31.115123748779297,26.556394577026367,28.401594161987305,20.6617431640625,22490591
2002-10-17,28.944299697875977,29.48700523376465,26.41167449951172,29.125202178955078,21.18815040588379,14191893
2002-10-18,28.039791107177734,29.089021682739258,27.497085571289062,28.112150192260742,20.451175689697266,5859475
2002-10-21,28.112150192260742,28.582496643066406,27.13528060913086,28.256872177124023,20.55645179748535,5317579
2002-10-22,27.424724578857422,29.450824737548828,27.24382209777832,29.450824737548828,21.42504119873047,5232947
2002-10-23,29.269922256469727,31.838729858398438,28.980480194091797,31.838729858398438,23.16220474243164,5287646
2002-10-24,32.562339782714844,32.7794189453125,31.476926803588867,31.62164878845215,23.00428009033203,4423918
2002-10-25,30.825679779052734,32.20053482055664,30.825679779052734,32.20053482055664,23.42540740966797,2467222
2002-10-28,32.562339782714844,33.06886291503906,32.30907440185547,32.562339782714844,23.688621520996094,2440909
2002-10-29,32.562339782714844,32.99650192260742,30.06589126586914,32.128173828125,23.372770309448242,2694582
2002-10-30,31.98345184326172,33.57538986206055,31.115123748779297,33.213584899902344,24.162395477294922,3045878
2002-10-31,33.213584899902344,34.407535552978516,32.92414093017578,33.17740249633789,24.13606834411621,3244438
2002-11-01,32.52615737915039,34.262813568115234,31.766368865966797,34.081912994384766,24.794095993041992,2986674
2002-11-04,35.2758674621582,36.614540100097656,34.9140625,36.10801315307617,26.26803207397461,3932767
2002-11-05,36.144195556640625,36.50599670410156,34.98642349243164,35.63766860961914,25.925884246826172,2845686
2002-11-06,35.49294662475586,35.85475158691406,34.479896545410156,34.805519104003906,25.32049560546875,3077746
2002-11-07,33.503028869628906,34.22663497924805,32.562339782714844,32.63469696044922,23.74126625061035,3112820
2002-11-08,32.63469696044922,32.63469696044922,31.368385314941406,31.838729858398438,23.16220474243164,2762271
2002-11-11,31.151302337646484,31.549287796020508,30.210613250732422,30.319154739379883,22.05674171447754,1788345
2002-11-12,31.115123748779297,32.20053482055664,31.115123748779297,31.657827377319336,23.030607223510742,3768618
2002-11-13,31.62164878845215,32.27289581298828,30.825679779052734,31.657827377319336,23.030607223510742,3473458
2002-11-14,32.562339782714844,33.430667877197266,32.30907440185547,32.81560134887695,23.87285804748535,2719154
2002-11-15,32.59851837158203,33.213584899902344,32.27289581298828,32.70705795288086,23.79389190673828,2635821
2002-11-18,33.358306884765625,34.407535552978516,33.213584899902344,33.9010124206543,24.66248321533203,2851850
2002-11-19,34.190452575683594,34.22663497924805,32.05581283569336,32.23671340942383,23.451732635498047,3124373
2002-11-20,31.874910354614258,33.828651428222656,31.838729858398438,33.828651428222656,24.609838485717773,3227164
2002-11-21,34.37135696411133,37.88085174560547,34.154273986816406,37.66376876831055,27.399837493896484,7595969
2002-11-22,36.723079681396484,38.64064025878906,36.288917541503906,38.02557373046875,27.663036346435547,4515652
2002-11-25,38.3511962890625,39.90695571899414,37.699951171875,38.0617561340332,27.68936538696289,4470048
2002-11-26,38.0617561340332,40.30493927001953,37.30196762084961,39.54515075683594,28.76849937438965,5200140
2002-11-27,39.79841232299805,42.765201568603516,39.653690338134766,41.17326736450195,29.952938079833984,5127504
2002-11-29,42.33103942871094,42.33103942871094,40.66674041748047,40.66674041748047,29.58443832397461,1429117
2002-12-02,43.05464553833008,44.32095718383789,41.35416793823242,42.33103942871094,30.795225143432617,4950032
2002-12-03,39.79841232299805,40.52201843261719,37.84467315673828,38.02557373046875,27.663036346435547,5697757
2002-12-04,36.43363952636719,36.75926208496094,34.9140625,36.10801315307617,26.26803207397461,6393217
2002-12-05,37.48286819458008,37.48286819458008,35.63766860961914,35.63766860961914,25.925884246826172,3234046
2002-12-06,34.733158111572266,36.18037414550781,34.407535552978516,35.71002960205078,25.9785213470459,2957847
2002-12-09,33.46684646606445,35.81856918334961,33.39448547363281,33.39448547363281,24.29399299621582,2721752
2002-12-10,32.92414093017578,33.358306884765625,32.09199142456055,33.358306884765625,24.267675399780273,5402404
2002-12-11,32.562339782714844,34.87788009643555,32.52615737915039,34.69697952270508,25.241540908813477,3087668
2002-12-12,34.9140625,36.216556549072266,34.190452575683594,34.479896545410156,25.18866539001465,2931092
2002-12-13,34.04573440551758,34.98642349243164,33.611568450927734,34.44371795654297,25.16225242614746,2225737
2002-12-16,34.9140625,35.96329116821289,34.5522575378418,35.34822463989258,25.823020935058594,2547735
2002-12-17,34.44371795654297,35.999473571777344,34.190452575683594,34.37135696411133,25.109392166137695,2666639
2002-12-18,33.97337341308594,34.009552001953125,33.03268051147461,33.358306884765625,24.369319915771484,2466752
2002-12-19,32.74324035644531,33.9010124206543,32.16435241699219,32.16435241699219,23.497093200683594,3333713
2002-12-20,32.20053482055664,33.06886291503906,31.585466384887695,32.41761779785156,23.68210792541504,4753046
2002-12-23,31.513107299804688,32.67087936401367,31.513107299804688,32.30907440185547,23.60282325744629,2405227
2002-12-24,32.20053482055664,32.4899787902832,31.332204818725586,31.62164878845215,23.10063362121582,993246
2002-12-26,32.38143539428711,33.06886291503906,31.874910354614258,32.38143539428711,23.655681610107422,1964573
2002-12-27,31.802549362182617,32.67087936401367,31.766368865966797,32.562339782714844,23.787841796875,2056474
2002-12-30,32.562339782714844,32.81560134887695,30.717138290405273,31.404565811157227,22.942047119140625,3691393
2002-12-31,31.440746307373047,31.657827377319336,30.608596801757812,31.296024322509766,22.86275291442871,2554037
2003-01-02,32.27289581298828,33.539207458496094,31.296024322509766,33.285945892333984,24.316455841064453,2730956
2003-01-03,32.99650192260742,34.154273986816406,32.7794189453125,33.17740249633789,24.23716163635254,2393756
2003-01-06,33.864830017089844,36.071834564208984,33.72011184692383,35.09496307373047,25.638002395629883,4724467
2003-01-07,35.45676803588867,36.25273513793945,34.76934051513672,35.05878448486328,25.611572265625,2972606
2003-01-08,35.45676803588867,35.52912902832031,34.190452575683594,34.95024108886719,25.53227996826172,3321635
2003-01-09,35.2758674621582,36.288917541503906,35.16732406616211,35.81856918334961,26.166622161865234,3627298
2003-01-10,35.31204605102539,36.469818115234375,35.02260208129883,35.9271125793457,26.245912551879883,2777528
2003-01-13,35.16732406616211,35.63766860961914,33.503028869628906,34.190452575683594,24.977222442626953,5019738
2003-01-14,34.190452575683594,34.76934051513672,33.64775085449219,34.22663497924805,25.003664016723633,2828578
2003-01-15,34.22663497924805,34.660797119140625,33.46684646606445,33.46684646606445,24.448606491088867,2226013
2003-01-16,33.46684646606445,33.7924690246582,32.562339782714844,33.03268051147461,24.13142967224121,2933773
2003-01-17,32.38143539428711,32.562339782714844,31.296024322509766,31.730188369750977,23.179927825927734,3521854
2003-01-21,31.476926803588867,32.05581283569336,30.789499282836914,31.657827377319336,23.127071380615234,3718121
2003-01-22,32.38143539428711,32.562339782714844,30.717138290405273,30.861860275268555,22.54557991027832,4941491
2003-01-23,31.657827377319336,31.657827377319336,30.282974243164062,31.368385314941406,22.915618896484375,5760029
2003-01-24,31.440746307373047,31.585466384887695,30.789499282836914,31.368385314941406,22.915618896484375,3587829
2003-01-27,30.572416305541992,31.042762756347656,29.77644920349121,30.319154739379883,22.149126052856445,2990516
2003-01-28,30.536237716674805,30.753318786621094,29.77644920349121,30.02971076965332,21.93766212463379,2974209
2003-01-29,29.81262969970703,30.463876724243164,29.23374366760254,30.02971076965332,21.93766212463379,3294853
2003-01-30,30.210613250732422,30.282974243164062,29.23374366760254,29.30610466003418,21.4090576171875,2361170
2003-01-31,29.269922256469727,29.59554672241211,28.691036224365234,28.871938705444336,21.091886520385742,3559913
2003-02-03,29.269922256469727,29.74026870727539,28.944299697875977,28.944299697875977,21.144742965698242,2254675
2003-02-04,28.871938705444336,29.089021682739258,27.931249618530273,28.618677139282227,20.90686798095703,2733056
2003-02-05,28.256872177124023,28.691036224365234,28.039791107177734,28.293052673339844,20.668987274169922,3157679
2003-02-06,28.293052673339844,28.546316146850586,27.786527633666992,27.967430114746094,20.43111228942871,2115594
2003-02-07,28.582496643066406,28.799579620361328,27.895069122314453,27.895069122314453,20.378250122070312,2497818
2003-02-10,27.895069122314453,29.125202178955078,27.895069122314453,29.052841186523438,21.22403907775879,2467277
2003-02-11,29.052841186523438,29.884990692138672,28.980480194091797,29.48700523376465,21.54120445251465,3027000
2003-02-12,29.052841186523438,29.74026870727539,28.944299697875977,28.944299697875977,21.144742965698242,3311878
2003-02-13,28.980480194091797,29.23374366760254,28.582496643066406,28.871938705444336,21.091886520385742,3147231
2003-02-14,29.48700523376465,30.391515731811523,28.582496643066406,30.391515731811523,22.20198631286621,2077010
2003-02-18,30.391515731811523,30.536237716674805,29.74026870727539,29.884990692138672,21.83194923400879,2182039
2003-02-19,29.48700523376465,30.06589126586914,29.016660690307617,29.9935302734375,21.911239624023438,2323552
2003-02-20,29.84880828857422,30.02971076965332,29.414644241333008,29.74026870727539,21.726213455200195,1937459
2003-02-21,30.355335235595703,30.355335235595703,29.48700523376465,29.84880828857422,21.805517196655273,2091631
2003-02-24,29.37846565246582,30.13825225830078,29.342283248901367,29.342283248901367,21.43548583984375,2167722
2003-02-25,28.582496643066406,29.92116928100586,28.510135650634766,29.48700523376465,21.54120445251465,2945906
2003-02-26,29.016660690307617,29.92116928100586,29.016660690307617,29.52318572998047,21.56764030456543,2394503
2003-02-27,29.59554672241211,29.957351684570312,29.48700523376465,29.957351684570312,21.884809494018555,1734338
2003-02-28,29.74026870727539,31.042762756347656,29.66790771484375,30.463876724243164,22.25484275817871,2733056
2003-03-03,30.753318786621094,31.006580352783203,30.282974243164062,30.463876724243164,22.25484275817871,2295277
2003-03-04,30.572416305541992,30.644777297973633,29.450824737548828,29.48700523376465,21.54120445251465,2326151
2003-03-05,29.48700523376465,30.02971076965332,29.48700523376465,29.884990692138672,21.83194923400879,2186793
2003-03-06,29.55936622619629,29.66790771484375,28.980480194091797,29.125202178955078,21.276897430419922,2162305
2003-03-07,28.727218627929688,29.125202178955078,28.401594161987305,28.980480194091797,21.17117691040039,3007349
2003-03-10,28.980480194091797,29.19756317138672,28.510135650634766,28.582496643066406,20.880441665649414,2436072
2003-03-11,28.763397216796875,29.052841186523438,28.582496643066406,28.871938705444336,21.091886520385742,2920285
2003-03-12,28.256872177124023,29.089021682739258,28.256872177124023,29.089021682739258,21.357524871826172,3784179
2003-03-13,29.48700523376465,29.66790771484375,28.799579620361328,28.980480194091797,21.277833938598633,4133926
2003-03-14,29.269922256469727,30.391515731811523,29.052841186523438,29.63172721862793,21.755983352661133,2528304
2003-03-17,29.269922256469727,30.970401763916016,29.052841186523438,30.861860275268555,22.659168243408203,3355327
2003-03-18,30.753318786621094,31.440746307373047,30.463876724243164,31.440746307373047,23.084190368652344,2468769
2003-03-19,30.898040771484375,31.404565811157227,29.63172721862793,29.84880828857422,21.915372848510742,4019914
2003-03-20,29.84880828857422,30.282974243164062,29.48700523376465,29.884990692138672,21.941932678222656,2629575
2003-03-21,30.753318786621094,30.753318786621094,29.66790771484375,30.753318786621094,22.579477310180664,3277302
2003-03-24,30.02971076965332,30.753318786621094,29.81262969970703,29.957351684570312,21.995067596435547,2333060
2003-03-25,30.319154739379883,31.296024322509766,29.92116928100586,31.115123748779297,22.84510040283203,2703897
2003-03-26,31.115123748779297,31.115123748779297,29.92116928100586,30.789499282836914,22.606033325195312,3702145
2003-03-27,30.246793746948242,30.572416305541992,29.84880828857422,30.572416305541992,22.446645736694336,2506248
2003-03-28,29.77644920349121,30.355335235595703,29.77644920349121,30.02971076965332,22.048192977905273,2253819
2003-03-31,29.55936622619629,30.282974243164062,29.23374366760254,29.884990692138672,21.941932678222656,2825316
2003-04-01,29.884990692138672,30.536237716674805,29.70408821105957,30.210613250732422,22.18100929260254,2032373
2003-04-02,30.825679779052734,31.332204818725586,30.825679779052734,31.151302337646484,22.871675491333008,3616463
2003-04-03,30.463876724243164,31.259843826293945,30.391515731811523,30.572416305541992,22.446645736694336,2623660
2003-04-04,30.246793746948242,30.898040771484375,30.1744327545166,30.753318786621094,22.579477310180664,2195389
2003-04-07,31.549287796020508,31.730188369750977,30.644777297973633,30.861860275268555,22.659168243408203,3233742
2003-04-08,30.861860275268555,30.861860275268555,29.70408821105957,30.10207176208496,22.101316452026367,3431391
2003-04-09,29.70408821105957,29.81262969970703,28.727218627929688,28.763397216796875,21.118440628051758,4384089
2003-04-10,28.944299697875977,29.23374366760254,28.691036224365234,28.944299697875977,21.251264572143555,2479991
2003-04-11,29.66790771484375,29.74026870727539,28.799579620361328,28.944299697875977,21.251264572143555,2907626
2003-04-14,28.546316146850586,28.871938705444336,28.510135650634766,28.871938705444336,21.198139190673828,2385243
2003-04-15,28.727218627929688,29.125202178955078,28.510135650634766,28.727218627929688,21.091886520385742,3842193
2003-04-16,29.66790771484375,29.70408821105957,27.424724578857422,28.329233169555664,20.79967498779297,12948014
2003-04-17,28.329233169555664,28.835758209228516,28.039791107177734,28.582496643066406,20.985637664794922,5456715
2003-04-21,28.618677139282227,28.763397216796875,28.293052673339844,28.473955154418945,20.905933380126953,3482966
2003-04-22,28.473955154418945,29.30610466003418,28.293052673339844,29.23374366760254,21.46377944946289,4451723
2003-04-23,29.414644241333008,30.753318786621094,29.30610466003418,30.319154739379883,22.26070785522461,4542020
2003-04-24,29.74026870727539,29.92116928100586,29.30610466003418,29.450824737548828,21.623165130615234,3009753
2003-04-25,29.450824737548828,29.59554672241211,28.075971603393555,28.582496643066406,20.985637664794922,5221588
2003-04-28,28.401594161987305,29.19756317138672,28.365413665771484,28.980480194091797,21.277833938598633,2925039
2003-04-29,29.37846565246582,29.84880828857422,28.908119201660156,29.052841186523438,21.33095932006836,2777556
2003-04-30,28.691036224365234,28.980480194091797,28.618677139282227,28.618677139282227,21.012195587158203,5411359
2003-05-01,28.654857635498047,28.980480194091797,28.473955154418945,28.727218627929688,21.091886520385742,2104566
2003-05-02,28.654857635498047,29.125202178955078,28.618677139282227,29.125202178955078,21.38408851623535,3693881
2003-05-05,29.450824737548828,29.81262969970703,29.1613826751709,29.414644241333008,21.596595764160156,3349661
2003-05-06,28.944299697875977,29.74026870727539,28.944299697875977,29.48700523376465,21.64972686767578,4125911
2003-05-07,29.052841186523438,29.52318572998047,28.980480194091797,29.016660690307617,21.304401397705078,3624506
2003-05-08,28.908119201660156,29.1613826751709,28.763397216796875,28.980480194091797,21.277833938598633,2911385
2003-05-09,29.1613826751709,29.23374366760254,28.618677139282227,28.835758209228516,21.17157554626465,3367820
2003-05-12,28.763397216796875,29.269922256469727,28.546316146850586,29.23374366760254,21.46377944946289,3695014
2003-05-13,29.23374366760254,29.23374366760254,28.582496643066406,29.125202178955078,21.38408851623535,7631955
2003-05-14,29.016660690307617,32.38143539428711,29.016660690307617,32.27289581298828,23.695165634155273,16425175
2003-05-15,32.70705795288086,33.57538986206055,31.838729858398438,32.92414093017578,24.173322677612305,9242635
2003-05-16,32.92414093017578,33.03268051147461,32.128173828125,32.20053482055664,23.642030715942383,3765384
2003-05-19,31.730188369750977,32.05581283569336,30.934221267700195,30.934221267700195,22.712303161621094,3240071
2003-05-20,31.368385314941406,31.657827377319336,30.391515731811523,30.680957794189453,22.526351928710938,4847987
2003-05-21,30.898040771484375,31.078941345214844,30.02971076965332,30.02971076965332,22.048192977905273,4912691
2003-05-22,30.391515731811523,30.753318786621094,30.246793746948242,30.536237716674805,22.42009162902832,4164716
2003-05-23,30.717138290405273,31.223663330078125,30.391515731811523,30.717138290405273,22.552906036376953,3013291
2003-05-27,30.536237716674805,31.69400978088379,30.50005531311035,31.657827377319336,23.243579864501953,3660963
2003-05-28,31.874910354614258,32.20053482055664,30.898040771484375,31.115123748779297,22.84510040283203,3854852
2003-05-29,31.115123748779297,31.62164878845215,30.789499282836914,31.476926803588867,23.11074447631836,3426858
2003-05-30,31.476926803588867,31.766368865966797,30.825679779052734,30.825679779052734,22.63260841369629,4107392
2003-06-02,31.62164878845215,32.20053482055664,31.151302337646484,31.585466384887695,23.190439224243164,4869933
2003-06-03,31.115123748779297,31.259843826293945,30.644777297973633,30.717138290405273,22.552906036376953,5090384
2003-06-04,30.753318786621094,32.52615737915039,30.753318786621094,32.41761779785156,23.801416397094727,4822753
2003-06-05,32.20053482055664,33.46684646606445,32.019630432128906,33.17740249633789,24.35926628112793,6383350
2003-06-06,34.190452575683594,34.22663497924805,32.16435241699219,32.16435241699219,23.61546516418457,6030645
2003-06-09,30.355335235595703,31.476926803588867,30.1744327545166,31.404565811157227,23.0576229095459,8149639
2003-06-10,31.404565811157227,32.128173828125,30.391515731811523,31.115123748779297,22.84510040283203,3674920
2003-06-11,30.753318786621094,32.09199142456055,30.246793746948242,32.019630432128906,23.619064331054688,5523132
2003-06-12,32.38143539428711,32.92414093017578,31.730188369750977,32.74324035644531,24.1528377532959,4758602
2003-06-13,32.562339782714844,32.92414093017578,31.151302337646484,31.332204818725586,23.11200523376465,3314255
2003-06-16,31.62164878845215,32.128173828125,30.572416305541992,31.730188369750977,23.40556526184082,3073047
2003-06-17,31.911090850830078,32.41761779785156,31.476926803588867,32.30907440185547,23.83258628845215,3043750
2003-06-18,32.16435241699219,33.756290435791016,31.9472713470459,33.57538986206055,24.76667594909668,5141904
2003-06-19,34.009552001953125,35.81856918334961,32.74324035644531,34.805519104003906,25.674062728881836,9024506
2003-06-20,34.98642349243164,35.2758674621582,34.154273986816406,35.20350646972656,25.96763038635254,6379121
2003-06-23,34.9140625,35.23968505859375,33.683929443359375,33.9010124206543,25.00685691833496,4505564
2003-06-24,33.64775085449219,34.190452575683594,33.32212448120117,33.97337341308594,25.060222625732422,4286799
2003-06-25,34.009552001953125,34.733158111572266,33.864830017089844,34.190452575683594,25.220361709594727,3806760
2003-06-26,34.04573440551758,34.5522575378418,33.828651428222656,34.479896545410156,25.433868408203125,2415149
2003-06-27,34.37135696411133,34.51607894897461,33.57538986206055,33.937191009521484,25.03354835510254,2704864
2003-06-30,33.756290435791016,34.62461853027344,33.683929443359375,34.11809539794922,25.1669921875,3359833
2003-07-01,33.46684646606445,33.683929443359375,32.92414093017578,33.430667877197266,24.659912109375,4207281
2003-07-02,33.539207458496094,34.95024108886719,33.503028869628906,34.87788009643555,25.727441787719727,3575032
2003-07-03,34.76934051513672,35.20350646972656,34.29899597167969,34.62461853027344,25.540616989135742,2392817
2003-07-07,35.60149002075195,36.36127853393555,35.2758674621582,36.288917541503906,26.76828956604004,5358844
2003-07-08,35.999473571777344,36.75926208496094,35.45676803588867,35.71002960205078,26.34126853942871,3791531
2003-07-09,36.36127853393555,37.73612976074219,35.38440704345703,37.08488464355469,27.35542106628418,5254313
2003-07-10,32.92414093017578,36.18037414550781,32.7794189453125,34.262813568115234,25.27374267578125,6363947
2003-07-11,34.58843994140625,35.38440704345703,34.37135696411133,34.407535552978516,25.380491256713867,3327301
2003-07-14,35.2758674621582,35.52912902832031,34.37135696411133,34.37135696411133,25.35379981994629,4064054
2003-07-15,34.479896545410156,35.81856918334961,34.479896545410156,35.38440704345703,26.10108757019043,5018411
2003-07-16,34.69697952270508,34.69697952270508,32.960323333740234,33.756290435791016,24.90010643005371,5155419
2003-07-17,32.85177993774414,32.99650192260742,31.766368865966797,32.34525680541992,23.859272003173828,4300094
2003-07-18,32.887962341308594,33.06886291503906,32.20053482055664,32.74324035644531,24.1528377532959,2295277
2003-07-21,31.657827377319336,31.98345184326172,31.404565811157227,31.549287796020508,23.272123336791992,3027055
2003-07-22,31.657827377319336,32.45379638671875,31.585466384887695,32.27289581298828,23.805892944335938,3996089
2003-07-23,32.09199142456055,33.32212448120117,31.874910354614258,33.06886291503906,24.393028259277344,2629934
2003-07-24,33.285945892333984,33.828651428222656,32.70705795288086,32.7794189453125,24.179529190063477,2526121
2003-07-25,32.81560134887695,33.24976348876953,32.019630432128906,33.17740249633789,24.473100662231445,2069464
2003-07-28,32.99650192260742,39.79841232299805,32.99650192260742,33.864830017089844,24.98016929626465,2340882
2003-07-29,33.864830017089844,33.864830017089844,32.887962341308594,33.24976348876953,24.526472091674805,2331291
2003-07-30,33.213584899902344,33.358306884765625,32.74324035644531,32.92414093017578,24.286273956298828,2400528
2003-07-31,33.539207458496094,36.542179107666016,32.67087936401367,32.70705795288086,24.12615203857422,3004585
2003-08-01,32.7794189453125,33.539207458496094,32.74324035644531,33.39448547363281,24.633224487304688,2089945
2003-08-04,33.17740249633789,34.009552001953125,32.81560134887695,33.97337341308594,25.060222625732422,2834133
2003-08-05,33.7924690246582,33.97337341308594,33.285945892333984,33.39448547363281,24.633224487304688,2868489
2003-08-06,32.887962341308594,33.937191009521484,32.887962341308594,33.611568450927734,24.793357849121094,2814205
2003-08-07,33.17740249633789,33.611568450927734,32.92414093017578,33.539207458496094,24.739973068237305,2170154
2003-08-08,33.539207458496094,33.97337341308594,33.03268051147461,33.213584899902344,24.499780654907227,1658606
2003-08-11,33.10504150390625,33.539207458496094,33.03268051147461,33.539207458496094,24.739973068237305,1139153
2003-08-12,33.430667877197266,33.756290435791016,32.92414093017578,33.756290435791016,24.90010643005371,2227285
2003-08-13,33.756290435791016,33.828651428222656,33.358306884765625,33.539207458496094,24.739973068237305,1651531
2003-08-14,33.539207458496094,34.805519104003906,33.285945892333984,34.805519104003906,25.674062728881836,2729076
2003-08-15,34.9140625,35.2758674621582,34.44371795654297,35.2758674621582,26.021013259887695,2488283
2003-08-18,35.31204605102539,35.746212005615234,34.95024108886719,35.60149002075195,26.261199951171875,2692205
2003-08-19,35.81856918334961,36.976341247558594,35.63766860961914,36.90398406982422,27.221994400024414,5064099
2003-08-20,36.144195556640625,37.08488464355469,36.03565216064453,36.325096130371094,26.79496955871582,4455261
2003-08-21,36.5783576965332,37.44668960571289,36.542179107666016,37.08488464355469,27.35542106628418,3455547
2003-08-22,37.51905059814453,37.66376876831055,36.90398406982422,37.30196762084961,27.515552520751953,4232903
2003-08-25,37.08488464355469,37.37432861328125,36.723079681396484,37.22960662841797,27.462177276611328,3182499
2003-08-26,37.265785217285156,38.930084228515625,36.976341247558594,38.82154083251953,28.636470794677734,5856573
2003-08-27,37.30196762084961,38.857723236083984,37.30196762084961,38.82154083251953,28.636470794677734,4946328
2003-08-28,38.459739685058594,38.857723236083984,37.73612976074219,38.82154083251953,28.636470794677734,3332553
2003-08-29,38.82154083251953,39.29188537597656,38.31501770019531,38.82154083251953,28.636470794677734,3030649
2003-09-02,39.255706787109375,39.255706787109375,38.0617561340332,38.49591827392578,28.39626693725586,4340558
2003-09-03,38.82154083251953,39.21952819824219,38.20647430419922,38.27883529663086,28.23613739013672,4456615
2003-09-04,37.98939514160156,39.29188537597656,37.95321273803711,39.21952819824219,28.930017471313477,4080527
2003-09-05,39.21952819824219,40.70292282104492,38.532100677490234,38.89390182495117,28.68983268737793,6048638
2003-09-08,39.074806213378906,41.35416793823242,38.930084228515625,40.81146240234375,30.104312896728516,4518886
2003-09-09,41.60742950439453,42.15013885498047,40.41347885131836,40.52201843261719,29.890811920166016,7097605
2003-09-10,40.55820083618164,40.55820083618164,38.459739685058594,38.676822662353516,28.52970314025879,4617724
2003-09-11,39.074806213378906,40.16021728515625,38.89390182495117,39.653690338134766,29.360143661499023,3554358
2003-09-12,39.508968353271484,39.979312896728516,39.03862380981445,39.21952819824219,29.038677215576172,3230204
2003-09-15,38.89390182495117,39.074806213378906,38.09793472290039,38.7130012512207,28.663652420043945,3338910
2003-09-16,38.7130012512207,39.79841232299805,38.64064025878906,39.54515075683594,29.279775619506836,2903812
2003-09-17,39.3642463684082,39.436607360839844,38.459739685058594,38.49591827392578,28.502912521362305,3272520
2003-09-18,39.61751174926758,40.52201843261719,39.183345794677734,40.26875686645508,29.81553840637207,4243378
2003-09-19,39.979312896728516,40.70292282104492,39.61751174926758,40.1240348815918,29.708389282226562,3739403
2003-09-22,44.646583557128906,44.86366653442383,43.45262908935547,43.6335334777832,32.306884765625,18275405
2003-09-23,43.778255462646484,44.501861572265625,43.05464553833008,44.501861572265625,32.94979476928711,8504776
2003-09-24,44.501861572265625,45.44255065917969,43.778255462646484,44.357139587402344,32.84263229370117,7777421
2003-09-25,44.357139587402344,45.94907760620117,43.99533462524414,45.33401107788086,33.56592559814453,6896114
2003-09-26,43.6335334777832,45.37018966674805,42.65666198730469,45.33401107788086,33.56592559814453,11128906
2003-09-29,45.84053421020508,46.12997817993164,44.429500579833984,44.501861572265625,32.94979476928711,6680611
2003-09-30,43.95915603637695,44.2847785949707,42.72902297973633,43.23554611206055,32.01219940185547,4793731
2003-10-01,43.30790710449219,44.06769561767578,42.80138397216797,43.88679504394531,32.49439239501953,4504514
2003-10-02,43.88679504394531,44.646583557128906,43.6335334777832,44.14005661010742,32.68191146850586,2689359
2003-10-03,45.4063720703125,45.478729248046875,44.14005661010742,44.429500579833984,32.89622116088867,4003331
2003-10-06,47.8304557800293,49.2053108215332,47.034488677978516,48.843505859375,36.16440963745117,9704792
2003-10-07,48.48170471191406,50.94196701049805,48.30080032348633,50.869606018066406,37.66456604003906,8791368
2003-10-08,51.23141098022461,51.73793411254883,49.24148941040039,49.45857238769531,36.619808197021484,6067322
2003-10-09,50.145999908447266,50.79724884033203,49.02440643310547,49.675655364990234,36.78056335449219,3969168
2003-10-10,50.29072189331055,50.58016586303711,49.675655364990234,49.892738342285156,36.9412727355957,2966581
2003-10-13,50.65252685546875,52.09973907470703,49.78419494628906,50.18217849731445,37.15558624267578,7049982
2003-10-14,49.2053108215332,49.567115783691406,48.73496627807617,49.09676742553711,36.3519401550293,5355030
2003-10-15,49.675655364990234,50.10981750488281,48.73496627807617,49.8565559387207,36.914485931396484,5404864
2003-10-16,49.38621139526367,50.03746032714844,49.24148941040039,49.567115783691406,36.70018768310547,2723023
2003-10-17,49.567115783691406,50.001277923583984,48.55406188964844,48.77114486694336,36.11083984375,2399312
2003-10-20,47.39628982543945,48.59024429321289,47.034488677978516,47.758094787597656,35.36075210571289,4164855
2003-10-21,47.758094787597656,49.2053108215332,47.72191619873047,48.55406188964844,35.950096130371094,2722526
2003-10-22,45.51491165161133,48.66260528564453,45.51491165161133,47.8304557800293,35.41435241699219,2415702
2003-10-23,46.85358428955078,48.87968826293945,46.85358428955078,48.77114486694336,36.11083984375,4200537
2003-10-24,48.48170471191406,48.48170471191406,47.143028259277344,47.938995361328125,35.49470138549805,2921777
2003-10-27,47.938995361328125,48.62642288208008,47.106849670410156,47.287750244140625,35.012508392333984,4188845
2003-10-28,47.541011810302734,48.44552230834961,47.034488677978516,48.44552230834961,35.8697395324707,5675093
2003-10-29,48.22843933105469,50.36308288574219,48.011356353759766,50.18217849731445,37.15558624267578,4277374
2003-10-30,50.65252685546875,50.65252685546875,49.2053108215332,49.748016357421875,36.8341178894043,3359694
2003-10-31,49.748016357421875,49.820377349853516,48.91586685180664,48.95204544067383,36.24477005004883,1944397
2003-11-03,49.13294982910156,50.29072189331055,49.13294982910156,50.073638916015625,37.07522201538086,3911071
2003-11-04,50.073638916015625,50.79724884033203,48.87968826293945,50.471622467041016,37.36989212036133,3038968
2003-11-05,49.8565559387207,50.399261474609375,49.2053108215332,50.29072189331055,37.23596954345703,2088287
2003-11-06,50.29072189331055,50.83342742919922,49.71183395385742,50.471622467041016,37.36989212036133,3385758
2003-11-07,51.08668899536133,51.59321594238281,50.65252685546875,51.33995056152344,38.012821197509766,4404211
2003-11-10,51.01432800292969,51.30377197265625,47.938995361328125,48.77114486694336,36.11083984375,5446682
2003-11-11,48.40934371948242,48.843505859375,47.794273376464844,48.1922607421875,35.68220520019531,3912397
2003-11-12,48.843505859375,49.748016357421875,48.843505859375,49.38621139526367,36.56624984741211,4392547
2003-11-13,49.350032806396484,49.494754791259766,47.685733795166016,48.15607833862305,35.655426025390625,3040571
2003-11-14,48.26462173461914,49.13294982910156,47.613372802734375,47.8304557800293,35.41435241699219,2888417
2003-11-17,45.225467681884766,47.758094787597656,45.225467681884766,47.034488677978516,34.82498550415039,3240569
2003-11-18,47.215389251708984,48.011356353759766,46.20233917236328,46.20233917236328,34.208858489990234,2460035
2003-11-19,46.491783142089844,47.866634368896484,45.225467681884766,47.866634368896484,35.441131591796875,3221498
2003-11-20,47.215389251708984,48.73496627807617,47.0706672668457,48.083717346191406,35.60185241699219,3874559
2003-11-21,48.11989974975586,48.55406188964844,47.97517776489258,48.48170471191406,35.896541595458984,3035651
2003-11-24,48.95204544067383,49.31385040283203,48.48170471191406,49.06058883666992,36.325157165527344,2950301
2003-11-25,49.24148941040039,49.277671813964844,48.62642288208008,48.66260528564453,36.03046798706055,3030096
2003-11-26,49.38621139526367,50.58016586303711,49.24148941040039,50.218360900878906,37.182376861572266,3769530
2003-11-28,50.65252685546875,51.01432800292969,50.03746032714844,50.79724884033203,37.61100387573242,1959736
2003-12-01,51.15904998779297,51.33995056152344,50.6163444519043,51.12287139892578,37.852088928222656,2755527
2003-12-02,50.94196701049805,51.33995056152344,50.76106643676758,50.83342742919922,37.637779235839844,3328738
2003-12-03,51.01432800292969,51.15904998779297,49.2053108215332,49.45857238769531,36.619808197021484,8470946
2003-12-04,49.277671813964844,49.45857238769531,48.1922607421875,48.37316131591797,35.816162109375,5231400
2003-12-05,47.794273376464844,48.73496627807617,47.39628982543945,48.30080032348633,35.76259231567383,3937383
2003-12-08,47.613372802734375,48.11989974975586,47.25157165527344,47.64955520629883,35.2803840637207,4128951
2003-12-09,47.685733795166016,47.97517776489258,45.98525619506836,46.27470016479492,34.26243591308594,4398296
2003-12-10,46.31087875366211,46.491783142089844,44.827484130859375,45.4063720703125,33.61951446533203,4074502
2003-12-11,45.623451232910156,47.215389251708984,45.4063720703125,47.106849670410156,34.99008560180664,3676551
2003-12-12,47.106849670410156,47.39628982543945,46.38323974609375,47.32393264770508,35.151336669921875,2680016
2003-12-15,47.57719421386719,48.48170471191406,46.166160583496094,46.27470016479492,34.371978759765625,4134672
2003-12-16,46.962127685546875,48.22843933105469,46.60032272338867,48.22843933105469,35.82318878173828,9478536
2003-12-17,47.758094787597656,48.37316131591797,47.32393264770508,47.64955520629883,35.393192291259766,5365588
2003-12-18,47.64955520629883,48.66260528564453,47.57719421386719,48.48170471191406,36.011314392089844,4853073
2003-12-19,48.69878387451172,48.77114486694336,47.39628982543945,47.8304557800293,35.527587890625,3108868
2003-12-22,47.57719421386719,48.843505859375,47.32393264770508,48.80732727050781,36.253177642822266,2971804
2003-12-23,48.95204544067383,49.422393798828125,48.69878387451172,49.277671813964844,36.6025390625,2979267
2003-12-24,48.843505859375,49.567115783691406,48.80732727050781,49.53093338012695,36.7906494140625,1003831
2003-12-26,49.31385040283203,49.928916931152344,49.31385040283203,49.78419494628906,36.97877883911133,802148
2003-12-29,50.073638916015625,51.01432800292969,49.78419494628906,50.79724884033203,37.73126220703125,4171599
2003-12-30,50.79724884033203,50.90578842163086,50.001277923583984,50.326900482177734,37.381893157958984,2737589
2003-12-31,50.399261474609375,50.9781494140625,50.326900482177734,50.65252685546875,37.62375259399414,2580322
2004-01-02,51.55703353881836,52.6424446105957,51.33995056152344,52.461544036865234,38.96744918823242,6585255
2004-01-05,53.54695510864258,54.849449157714844,53.22133255004883,54.45146560668945,40.4455451965332,5038146
2004-01-06,54.27056121826172,54.63236618041992,53.583133697509766,54.34292221069336,40.36491012573242,3697060
2004-01-07,54.30674362182617,55.60923767089844,54.0534782409668,54.48764419555664,40.47240447998047,5523989
2004-01-08,56.00722122192383,56.984092712402344,55.717777252197266,56.9117317199707,42.272979736328125,5217138
2004-01-09,56.1881217956543,57.52679443359375,55.86249923706055,56.83937072753906,42.21923828125,3722294
2004-01-12,57.454437255859375,58.829288482666016,57.34589385986328,58.61220932006836,43.536067962646484,5433360
2004-01-13,60.85539245605469,60.963932037353516,58.61220932006836,59.04637145996094,43.85853576660156,8314839
2004-01-14,59.3358154296875,59.55289840698242,58.286582946777344,59.15491485595703,43.93916320800781,5042264
2004-01-15,58.9740104675293,59.15491485595703,57.52679443359375,59.01019287109375,43.831668853759766,3352536
2004-01-16,59.01019287109375,61.687538146972656,59.01019287109375,61.32573699951172,45.551597595214844,5654723
2004-01-20,61.50663757324219,62.953853607177734,61.144832611083984,61.687538146972656,45.82036590576172,7605117
2004-01-21,61.43427658081055,61.687538146972656,59.40817642211914,60.819210052490234,45.17538070678711,7590883
2004-01-22,61.83226013183594,61.83226013183594,60.38504409790039,60.4574089050293,44.906646728515625,4540887
2004-01-23,60.4574089050293,61.50663757324219,60.421226501464844,60.67448806762695,45.067867279052734,3796340
2004-01-26,60.421226501464844,62.59204864501953,59.55289840698242,62.33878707885742,46.3040771484375,3841475
2004-01-27,61.94080352783203,63.31565475463867,61.65135955810547,62.19406509399414,46.19658279418945,3604744
2004-01-28,62.953853607177734,63.207115173339844,61.0001106262207,61.144832611083984,45.417236328125,4056702
2004-01-29,61.687538146972656,61.687538146972656,60.05942153930664,60.565948486328125,44.98726272583008,4273090
2004-01-30,60.565948486328125,61.144832611083984,59.987060546875,59.987060546875,44.5572624206543,3903083
2004-02-02,60.167964935302734,60.4574089050293,59.37199401855469,59.51671600341797,44.20791244506836,3196457
2004-02-03,58.9740104675293,60.02324295043945,58.431304931640625,59.62525939941406,44.28852844238281,3195600
2004-02-04,59.04637145996094,59.40817642211914,57.635337829589844,57.960960388183594,43.05232620239258,3519062
2004-02-05,58.250404357910156,59.37199401855469,58.178043365478516,58.79310989379883,43.670413970947266,2394724
2004-02-06,59.01019287109375,61.72372055053711,59.01019287109375,61.289554595947266,45.52473449707031,3609194
2004-02-09,61.50663757324219,61.57899856567383,60.27650451660156,60.78303146362305,45.14848709106445,1903380
2004-02-10,60.52976608276367,61.79608154296875,60.421226501464844,61.25337600708008,45.497867584228516,1970184
2004-02-11,63.31565475463867,64.94377136230469,62.55586624145508,64.54579162597656,47.943416595458984,4793731
2004-02-12,63.858360290527344,64.22016906738281,61.542816162109375,63.38801574707031,47.08343505859375,2732448
2004-02-13,63.351837158203125,64.00308227539062,61.50663757324219,62.30260467529297,46.27721405029297,2532340
2004-02-17,63.46037673950195,63.46037673950195,61.72372055053711,62.04934310913086,46.08909225463867,4044292
2004-02-18,62.04934310913086,62.41114807128906,61.398094177246094,61.687538146972656,45.82036590576172,2551190
2004-02-19,62.953853607177734,63.7859992980957,62.44732666015625,62.99003219604492,46.7878303527832,5975975
2004-02-20,62.80913162231445,64.43724822998047,62.59204864501953,63.930721282958984,47.48655319213867,5649914
2004-02-23,64.83523559570312,65.34175872802734,61.32573699951172,61.79608154296875,45.90098571777344,5802151
2004-02-24,60.52976608276367,62.15788269042969,60.02324295043945,61.144832611083984,45.417236328125,4342935
2004-02-25,61.79608154296875,63.677459716796875,61.687538146972656,63.31565475463867,47.02969741821289,4877423
2004-02-26,63.279476165771484,65.77592468261719,62.80913162231445,65.4502944946289,48.615264892578125,4829414
2004-02-27,65.12467193603516,67.65730285644531,64.58197021484375,66.75279235839844,49.58272933959961,5562491
2004-03-01,66.64424896240234,68.38091278076172,66.3186264038086,68.23619079589844,50.6845703125,3932242
2004-03-02,67.65730285644531,68.01910400390625,66.2824478149414,66.42716979980469,49.34086227416992,4338125
2004-03-03,66.42716979980469,66.9336929321289,65.558837890625,66.35480499267578,49.28711700439453,2827776
2004-03-04,66.3909912109375,66.9336929321289,65.84828186035156,66.42716979980469,49.34086227416992,2695439
2004-03-05,65.59501647949219,66.89751434326172,65.30558013916016,65.41411590576172,48.588382720947266,3260580
2004-03-08,65.41411590576172,65.77592468261719,63.71363830566406,63.8945426940918,47.45967483520508,3511075
2004-03-09,66.78897094726562,66.78897094726562,62.77294921875,63.279476165771484,47.002803802490234,3556320
2004-03-10,63.677459716796875,63.822181701660156,60.819210052490234,61.289554595947266,45.52473449707031,3982767
2004-03-11,59.87852096557617,61.615177154541016,59.6976203918457,60.24032211303711,44.851287841796875,4668028
2004-03-12,60.78303146362305,62.08552551269531,60.565948486328125,61.83226013183594,46.03655242919922,3491921
2004-03-15,61.144832611083984,61.65135955810547,56.441383361816406,59.08255386352539,43.98929977416992,3276611
2004-03-16,59.51671600341797,60.638309478759766,59.15491485595703,60.095603942871094,44.743553161621094,3484320
2004-03-17,60.78303146362305,63.026214599609375,60.565948486328125,62.30260467529297,46.386741638183594,4396417
2004-03-18,61.86844253540039,62.30260467529297,60.20414352416992,61.65135955810547,45.90187454223633,2565866
2004-03-19,61.65135955810547,61.83226013183594,60.67448806762695,61.289554595947266,45.632484436035156,3016083
2004-03-22,60.60212707519531,60.60212707519531,57.41825485229492,58.53984832763672,43.58523178100586,5375870
2004-03-23,59.73379898071289,60.4574089050293,59.22727584838867,59.51671600341797,44.312564849853516,3709939
2004-03-24,59.80615997314453,61.687538146972656,59.6976203918457,61.144832611083984,45.52473831176758,3942386
2004-03-25,61.50663757324219,62.59204864501953,60.13178253173828,62.41114807128906,46.46755599975586,4097442
2004-03-26,61.144832611083984,62.15788269042969,60.963932037353516,61.43427658081055,45.74024200439453,3557730
2004-03-29,61.7598991394043,63.71363830566406,61.7598991394043,63.605098724365234,47.356502532958984,2942341
2004-03-30,63.026214599609375,64.00308227539062,62.44732666015625,63.424198150634766,47.2218132019043,2622858
2004-03-31,63.424198150634766,63.8945426940918,62.80913162231445,63.677459716796875,47.4103889465332,2658707
2004-04-01,64.94377136230469,65.558837890625,64.29252624511719,65.23321533203125,48.5687141418457,6044271
2004-04-02,66.75279235839844,67.91056060791016,65.99300384521484,67.83820343017578,50.50822448730469,4775987
2004-04-05,67.5849380493164,67.83820343017578,66.53571319580078,67.40403747558594,50.18497085571289,3301486
2004-04-06,65.12467193603516,67.47640228271484,65.12467193603516,66.02918243408203,49.16132354736328,5683357
2004-04-07,65.70355987548828,66.02918243408203,64.76287078857422,65.30558013916016,48.6225700378418,3482496
2004-04-08,66.2100830078125,66.49952697753906,64.58197021484375,65.6673812866211,48.89194107055664,2752431
2004-04-12,65.4502944946289,65.81210327148438,64.94377136230469,65.12467193603516,48.48790740966797,3112378
2004-04-13,65.23321533203125,65.34175872802734,63.170936584472656,63.496559143066406,47.275699615478516,2860999
2004-04-14,63.31565475463867,64.43724822998047,62.80913162231445,63.46037673950195,47.248741149902344,2188617
2004-04-15,63.46037673950195,64.11162567138672,62.01316452026367,62.19406509399414,46.30592346191406,2666501
2004-04-16,63.858360290527344,63.858360290527344,59.6976203918457,59.987060546875,44.66271209716797,6877706
2004-04-19,60.27650451660156,60.60212707519531,59.3358154296875,60.421226501464844,44.985984802246094,4002640
2004-04-20,61.144832611083984,61.32573699951172,58.53984832763672,58.684566497802734,43.69297409057617,7764900
2004-04-21,70.73263549804688,70.98589324951172,69.1045150756836,69.828125,51.98979949951172,23186216
2004-04-22,68.92361450195312,75.14663696289062,68.20000457763672,74.96573638916016,55.81494903564453,14290869
2004-04-23,73.80796813964844,75.58080291748047,73.19290161132812,73.91650390625,55.03374481201172,7127842
2004-04-26,72.36074829101562,73.62705993652344,71.81804656982422,73.3376235961914,54.60274887084961,4969794
2004-04-27,72.90345764160156,75.5084457397461,72.79491424560547,73.51852416992188,54.73741912841797,7348127
2004-04-28,73.2652587890625,73.2652587890625,70.29846954345703,70.91353607177734,52.79793167114258,5525371
2004-04-29,70.04520416259766,70.29846954345703,66.57189178466797,67.25931549072266,50.077205657958984,7410647
2004-04-30,68.30854797363281,68.4170913696289,65.59501647949219,66.02918243408203,49.16132354736328,4093435
2004-05-03,66.86133575439453,66.89751434326172,65.05231475830078,65.92064666748047,49.08053207397461,4008084
2004-05-04,66.02918243408203,68.67034912109375,65.70355987548828,67.47640228271484,50.23884201049805,3369534
2004-05-05,68.01910400390625,69.7195816040039,67.1507797241211,68.74271392822266,51.18164825439453,4634916
2004-05-06,69.1045150756836,69.1045150756836,67.33168029785156,68.01910400390625,50.64289855957031,2872911
2004-05-07,67.29550170898438,69.53868103027344,67.18695831298828,67.76583862304688,50.4543342590332,3021583
2004-05-10,67.22313690185547,68.27236938476562,66.71661376953125,67.6934814453125,50.40045928955078,4309961
2004-05-11,69.28541564941406,69.28541564941406,67.29550170898438,67.65730285644531,50.37351989746094,4403465
2004-05-12,68.56181335449219,68.70653533935547,66.2100830078125,68.20000457763672,50.77760696411133,3983596
2004-05-13,68.20000457763672,70.55172729492188,67.83820343017578,70.11756896972656,52.20528030395508,4511451
2004-05-14,70.29846954345703,70.87735748291016,67.29550170898438,68.3447265625,50.88533020019531,3913392
2004-05-17,66.3909912109375,68.23619079589844,66.3186264038086,67.47640228271484,50.23884201049805,2693228
2004-05-18,68.01910400390625,69.46631622314453,67.91056060791016,68.74271392822266,51.18164825439453,2372502
2004-05-19,70.4793701171875,71.56478118896484,69.53868103027344,70.04520416259766,52.15141296386719,3343912
2004-05-20,70.04520416259766,71.34770202636719,69.50250244140625,69.64722442626953,51.85508728027344,2890490
2004-05-21,70.55172729492188,71.27533721923828,70.33464813232422,70.87735748291016,52.770992279052734,3201819
2004-05-24,71.8904037475586,72.5416488647461,70.3708267211914,70.55172729492188,52.52855682373047,3139133
2004-05-25,70.73263549804688,72.07130432128906,69.64722442626953,72.07130432128906,53.6599235534668,2938057
2004-05-26,70.73263549804688,71.63714599609375,70.18992614746094,70.62409210205078,52.58241653442383,3648304
2004-05-27,71.09443664550781,71.8904037475586,70.66027069091797,71.63714599609375,53.336673736572266,2704090
2004-05-28,71.130615234375,71.81804656982422,70.87735748291016,71.52860260009766,53.255855560302734,2649973
2004-06-01,70.98589324951172,72.25221252441406,70.91353607177734,71.9627685546875,53.57912826538086,3098254
2004-06-02,71.99894714355469,73.04817962646484,71.45623779296875,72.46929168701172,53.95625305175781,4300342
2004-06-03,72.32456970214844,72.32456970214844,69.828125,69.828125,51.98979949951172,4136524
2004-06-04,71.2029800415039,72.65019226074219,70.76881408691406,71.52860260009766,53.255855560302734,3614805
2004-06-07,72.7225570678711,74.06122589111328,72.25221252441406,73.84414672851562,54.979854583740234,4134313
2004-06-08,73.44615936279297,73.9888687133789,72.79491424560547,73.73560333251953,54.8990592956543,4293294
2004-06-09,73.3376235961914,73.91650390625,71.92658233642578,71.9627685546875,53.57912826538086,3489019
2004-06-10,72.46929168701172,73.2652587890625,71.63714599609375,71.99894714355469,53.60607147216797,2913679
2004-06-14,71.99894714355469,72.17984771728516,68.56181335449219,68.56181335449219,51.1497802734375,5880204
2004-06-15,69.28541564941406,69.64722442626953,66.57189178466797,66.75279235839844,49.80018997192383,8016639
2004-06-16,67.11459350585938,67.5849380493164,65.70355987548828,67.36785888671875,50.259037017822266,6061518
2004-06-17,67.36785888671875,67.36785888671875,65.41411590576172,65.4502944946289,48.82847213745117,3649299
2004-06-18,64.40106964111328,64.76287078857422,62.41114807128906,62.73677062988281,46.804080963134766,7378282
2004-06-21,63.858360290527344,64.76287078857422,62.55586624145508,63.46037673950195,47.34390640258789,4720515
2004-06-22,63.858360290527344,65.4502944946289,63.677459716796875,64.76287078857422,48.31562805175781,4450037
2004-06-23,65.08849334716797,66.86133575439453,64.58197021484375,66.46334838867188,49.584251403808594,3539598
2004-06-24,66.53571319580078,67.29550170898438,66.06536865234375,66.13772583007812,49.34132385253906,3398279
2004-06-25,66.13772583007812,66.3909912109375,64.54579162597656,66.13772583007812,49.34132385253906,6314832
2004-06-28,66.35480499267578,66.57189178466797,64.58197021484375,65.0161361694336,48.50456619262695,3882851
2004-06-29,64.94377136230469,65.48648071289062,64.47342681884766,65.12467193603516,48.58555603027344,5507102
2004-06-30,65.95682525634766,66.75279235839844,65.16085815429688,66.02918243408203,49.26034164428711,3118707
2004-07-01,66.49952697753906,66.53571319580078,64.7990493774414,65.77592468261719,49.07139587402344,3856898
2004-07-02,65.48648071289062,65.92064666748047,64.1839828491211,64.29252624511719,47.9647331237793,2318909
2004-07-06,63.38801574707031,63.858360290527344,60.60212707519531,60.963932037353516,45.481475830078125,5228995
2004-07-07,61.687538146972656,63.96690368652344,61.32573699951172,62.84531021118164,46.88505172729492,4850668
2004-07-08,63.026214599609375,65.26939392089844,62.84531021118164,63.026214599609375,47.02000427246094,4360845
2004-07-09,64.40106964111328,64.65432739257812,63.026214599609375,63.31565475463867,47.2359504699707,2386487
2004-07-12,63.31565475463867,63.424198150634766,61.43427658081055,61.7598991394043,46.075294494628906,2033865
2004-07-13,61.94080352783203,62.80913162231445,61.79608154296875,62.66440963745117,46.750091552734375,1933617
2004-07-14,62.04934310913086,62.1217041015625,60.13178253173828,60.60212707519531,45.2115478515625,4043767
2004-07-15,59.29963684082031,60.60212707519531,59.01019287109375,59.987060546875,44.752685546875,4548184
2004-07-16,59.87852096557617,59.87852096557617,55.35597229003906,57.16499328613281,42.64731216430664,9682017
2004-07-19,56.441383361816406,57.16499328613281,55.75395965576172,55.86249923706055,41.675594329833984,6681799
2004-07-20,57.81623840332031,58.286582946777344,56.15194320678711,58.2142219543457,43.43008804321289,7804203
2004-07-21,60.38504409790039,60.38504409790039,53.51077651977539,53.80021667480469,40.137062072753906,11291038
2004-07-22,54.523826599121094,56.984092712402344,54.27056121826172,56.47756576538086,42.134464263916016,5894190
2004-07-23,55.898677825927734,56.1881217956543,55.066532135009766,55.28361129760742,41.24372863769531,2742509
2004-07-26,56.441383361816406,56.62228775024414,54.45146560668945,55.790138244628906,41.62161636352539,3362679
2004-07-27,57.05644989013672,57.09263229370117,55.247432708740234,56.00722122192383,41.783573150634766,4089980
2004-07-28,56.26048278808594,59.51671600341797,55.790138244628906,58.576026916503906,43.70000076293945,6814440
2004-07-29,58.9740104675293,59.26345443725586,57.74387741088867,57.924781799316406,43.21413803100586,2894221
2004-07-30,57.67151641845703,58.06950378417969,56.65846633911133,57.635337829589844,42.998207092285156,3055773
2004-08-02,57.23735427856445,58.901649475097656,56.80318832397461,58.72074890136719,43.807960510253906,2330600
2004-08-03,58.178043365478516,58.46748733520508,56.369022369384766,56.47756576538086,42.134464263916016,3021638
2004-08-04,55.898677825927734,56.94791030883789,55.28361129760742,56.07958221435547,41.837554931640625,2971943
2004-08-05,56.07958221435547,57.34589385986328,55.10271072387695,55.319793701171875,41.27073669433594,2536458
2004-08-06,54.668548583984375,54.994171142578125,52.89570617675781,53.329872131347656,39.78616714477539,2830734
2004-08-09,53.36605453491211,53.83639907836914,52.09973907470703,53.257511138916016,39.732181549072266,2009819
2004-08-10,53.185150146484375,54.7770881652832,53.185150146484375,54.7770881652832,40.8658447265625,2465536
2004-08-11,53.004249572753906,53.112789154052734,51.48467254638672,51.84647750854492,38.67949295043945,4081135
2004-08-12,50.83342742919922,51.52085494995117,50.471622467041016,51.08668899536133,38.11267852783203,3201874
2004-08-13,51.70175552368164,52.17210006713867,50.03746032714844,51.41231155395508,38.35558319091797,2649807
2004-08-16,51.19523239135742,52.461544036865234,51.05051040649414,52.17210006713867,38.92241287231445,2272641
2004-08-17,54.56000518798828,55.75395965576172,53.98112106323242,54.56000518798828,40.70389175415039,4262366
2004-08-18,54.56000518798828,56.76700973510742,53.90876007080078,56.51374435424805,42.16145706176758,3321994
2004-08-19,56.441383361816406,57.16499328613281,55.75395965576172,56.51374435424805,42.16145706176758,2770425
2004-08-20,56.73082733154297,58.72074890136719,56.73082733154297,58.06950378417969,43.32212448120117,3188828
2004-08-23,58.503665924072266,59.29963684082031,58.286582946777344,58.46748733520508,43.6190185546875,2467636
2004-08-24,58.503665924072266,58.9740104675293,57.454437255859375,57.924781799316406,43.21413803100586,2182482
2004-08-25,58.431304931640625,59.73379898071289,57.635337829589844,59.3358154296875,44.26683807373047,2415121
2004-08-26,59.08255386352539,60.20414352416992,58.684566497802734,59.26345443725586,44.212860107421875,2079083
2004-08-27,59.48053741455078,60.38504409790039,59.29963684082031,60.02324295043945,44.7796745300293,1625301
2004-08-30,59.37199401855469,59.80615997314453,58.250404357910156,58.61220932006836,43.72698974609375,1620215
2004-08-31,58.503665924072266,58.93783187866211,57.454437255859375,58.431304931640625,43.5920295715332,2106473
2004-09-01,57.59915542602539,59.15491485595703,57.5629768371582,58.829288482666016,43.88894271850586,2257633
2004-09-02,58.53984832763672,59.87852096557617,58.286582946777344,59.48053741455078,44.37478256225586,2404867
2004-09-03,58.576026916503906,59.44435501098633,58.39512634277344,58.39512634277344,43.5650520324707,2265068
2004-09-07,58.9740104675293,59.3358154296875,56.51374435424805,56.73082733154297,42.32341003417969,4475493
2004-09-08,55.35597229003906,55.35597229003906,54.08966064453125,54.63236618041992,40.757869720458984,7516064
2004-09-09,56.07958221435547,58.250404357910156,56.043399810791016,58.105682373046875,43.34909439086914,5965029
2004-09-10,58.503665924072266,60.85539245605469,57.924781799316406,60.38504409790039,45.04959487915039,3899656
2004-09-13,60.421226501464844,62.1217041015625,59.95088195800781,60.20414352416992,45.022544860839844,4083512
2004-09-14,60.963932037353516,61.18101501464844,60.27650451660156,61.036293029785156,45.64485549926758,2182592
2004-09-15,61.072471618652344,61.072471618652344,58.53984832763672,59.15491485595703,44.23789596557617,2967824
2004-09-16,59.48053741455078,61.0001106262207,59.26345443725586,60.746849060058594,45.42838668823242,3368622
2004-09-17,61.144832611083984,61.86844253540039,60.819210052490234,61.542816162109375,46.02365493774414,3861513
2004-09-20,61.470455169677734,63.677459716796875,61.0001106262207,62.84531021118164,46.9976921081543,4252609
2004-09-21,64.03926086425781,65.05231475830078,63.56892013549805,64.50960540771484,48.242305755615234,4932287
2004-09-22,63.749820709228516,65.37793731689453,63.532737731933594,64.9075927734375,48.53993225097656,6491890
2004-09-23,64.69051361083984,65.41411590576172,63.749820709228516,64.72669219970703,48.404640197753906,3121886
2004-09-24,65.05231475830078,65.6673812866211,64.40106964111328,64.50960540771484,48.242305755615234,3646314
2004-09-27,63.7859992980957,65.0161361694336,63.31565475463867,63.31565475463867,47.34943389892578,3505630
2004-09-28,64.03926086425781,64.22016906738281,62.33878707885742,63.351837158203125,47.376487731933594,2975232
2004-09-29,63.31565475463867,64.54579162597656,63.098575592041016,63.64128112792969,47.59293746948242,2204261
2004-09-30,63.677459716796875,65.48648071289062,63.605098724365234,65.26939392089844,48.81050491333008,3814222
2004-10-01,65.84828186035156,67.91056060791016,65.84828186035156,67.91056060791016,50.785648345947266,4229613
2004-10-04,67.91056060791016,69.46631622314453,67.91056060791016,68.77889251708984,51.43500900268555,4629499
2004-10-05,68.01910400390625,68.88743591308594,67.62112426757812,68.70653533935547,51.380889892578125,2746544
2004-10-06,68.20000457763672,68.38091278076172,67.54875946044922,67.83820343017578,50.73153305053711,2600968
2004-10-07,67.83820343017578,68.4170913696289,67.11459350585938,68.01910400390625,50.86680603027344,2121841
2004-10-08,67.72966003417969,67.83820343017578,66.35480499267578,66.60807037353516,49.81159973144531,1975076
2004-10-11,66.57189178466797,67.33168029785156,66.3186264038086,66.9336929321289,50.055118560791016,1193990
2004-10-12,66.13772583007812,67.07841491699219,65.81210327148438,66.46334838867188,49.703369140625,2627336
2004-10-13,67.65730285644531,68.16382598876953,66.35480499267578,66.57189178466797,49.78455352783203,2532036
2004-10-14,66.49952697753906,67.36785888671875,65.99300384521484,66.3186264038086,49.595130920410156,2356609
2004-10-15,66.3186264038086,67.62112426757812,66.2100830078125,66.75279235839844,49.919822692871094,2835045
2004-10-18,66.75279235839844,68.27236938476562,66.3186264038086,67.72966003417969,50.65034866333008,2057248
2004-10-19,68.56181335449219,70.44319152832031,66.9336929321289,66.9336929321289,50.055118560791016,7551884
2004-10-20,63.56892013549805,64.1478042602539,61.50663757324219,61.83226013183594,46.24009704589844,10643256
2004-10-21,62.59204864501953,62.73677062988281,61.289554595947266,61.470455169677734,45.96953201293945,7604979
2004-10-22,61.65135955810547,62.37496566772461,59.87852096557617,59.91469955444336,44.806095123291016,4671013
2004-10-25,59.6976203918457,61.18101501464844,59.55289840698242,61.0001106262207,45.61779022216797,3110222
2004-10-26,61.398094177246094,62.33878707885742,61.1086540222168,61.542816162109375,46.02365493774414,3244466
2004-10-27,61.687538146972656,64.03926086425781,61.615177154541016,63.822181701660156,47.728214263916016,3544767
2004-10-28,63.31565475463867,64.1478042602539,62.91767120361328,62.91767120361328,47.05180358886719,2320208
2004-10-29,62.62822723388672,63.06239318847656,61.90462112426758,62.44732666015625,46.7000732421875,4144125
2004-11-01,62.44732666015625,62.51968765258789,61.615177154541016,62.08552551269531,46.42949295043945,2820203
2004-11-02,62.1217041015625,62.80913162231445,61.50663757324219,61.79608154296875,46.21303939819336,2568464
2004-11-03,62.77294921875,63.2432975769043,60.13178253173828,60.421226501464844,45.18488693237305,5717022
2004-11-04,60.05942153930664,61.7598991394043,59.11873245239258,61.687538146972656,46.13187026977539,7351361
2004-11-05,62.41114807128906,63.351837158203125,61.7598991394043,61.7598991394043,46.185997009277344,4159686
2004-11-08,61.86844253540039,62.33878707885742,61.217193603515625,61.25337600708008,45.807193756103516,3726993
2004-11-09,61.615177154541016,61.7598991394043,60.05942153930664,60.31268310546875,45.10371398925781,8244718
2004-11-10,60.31268310546875,63.207115173339844,60.24032211303711,62.15788269042969,46.483619689941406,7818272
2004-11-11,62.77294921875,64.22016906738281,62.59204864501953,63.605098724365234,47.56589126586914,5287148
2004-11-12,64.03926086425781,65.558837890625,64.03926086425781,65.48648071289062,48.97282409667969,4369689
2004-11-15,65.34175872802734,66.3909912109375,64.87141418457031,65.26939392089844,48.81050491333008,3002125
2004-11-16,64.94377136230469,65.48648071289062,64.54579162597656,64.65432739257812,48.35053253173828,2233476
2004-11-17,66.3909912109375,66.89751434326172,65.48648071289062,65.59501647949219,49.05400466918945,4829414
2004-11-18,66.3186264038086,66.3909912109375,64.9075927734375,66.2100830078125,49.51395797729492,3860629
2004-11-19,66.2100830078125,66.57189178466797,64.76287078857422,64.9075927734375,48.53993225097656,4128315
2004-11-22,64.9075927734375,67.00605773925781,64.72669219970703,66.75279235839844,49.919822692871094,3974807
2004-11-23,67.65730285644531,68.77889251708984,67.11459350585938,68.27236938476562,51.05620193481445,5830951
2004-11-24,68.20000457763672,69.39395904541016,68.20000457763672,68.77889251708984,51.43500900268555,3262238
2004-11-26,68.48944854736328,69.21305847167969,68.48944854736328,68.74271392822266,51.407955169677734,930808
2004-11-29,68.74271392822266,70.44319152832031,68.74271392822266,70.33464813232422,52.59845733642578,3699989
2004-11-30,70.33464813232422,70.87735748291016,69.46631622314453,69.68340301513672,52.111419677734375,4073866
2004-12-01,70.00902557373047,71.63714599609375,69.828125,71.45623779296875,53.43720245361328,4651085
2004-12-02,71.16680145263672,72.46929168701172,70.40701293945312,71.130615234375,53.193695068359375,3306295
2004-12-03,73.4926528930664,74.90752410888672,71.7947998046875,72.15862274169922,53.96245574951172,4651899
2004-12-06,72.76499938964844,74.78624725341797,72.52245330810547,73.97775268554688,55.32289505004883,5059320
2004-12-07,74.98837280273438,75.39262390136719,72.72457122802734,72.76499938964844,54.41595458984375,4311861
2004-12-08,73.2500991821289,73.37137603759766,71.22885131835938,71.91607666015625,53.781089782714844,2894793
2004-12-09,71.87564849853516,71.87564849853516,68.92462158203125,71.63310241699219,53.569461822509766,6450167
2004-12-10,69.4905776977539,69.93524932861328,65.4885025024414,66.05445098876953,49.3975944519043,11466568
2004-12-13,67.50975036621094,69.85440063476562,66.70124816894531,69.32887268066406,51.973514556884766,8559035
2004-12-14,69.65227508544922,69.73312377929688,67.8331527709961,68.11612701416016,51.06438446044922,5138949
2004-12-15,67.50975036621094,70.42034912109375,67.22677612304688,68.56079864501953,51.397743225097656,6369276
2004-12-16,68.60122680664062,70.86502838134766,68.60122680664062,69.32887268066406,51.973514556884766,4916883
2004-12-17,68.72250366210938,69.61184692382812,68.64164733886719,68.72250366210938,51.518959045410156,4826889
2004-12-20,69.20760345458984,69.40972137451172,67.91400146484375,68.52037811279297,51.367435455322266,2826345
2004-12-21,68.52037811279297,70.3395004272461,68.27782440185547,69.97567749023438,52.458431243896484,3480519
2004-12-22,70.3395004272461,70.70332336425781,69.89482879638672,70.5011978149414,52.85239028930664,3496252
2004-12-23,70.3395004272461,70.66290283203125,69.73312377929688,69.77355194091797,52.306884765625,1658355
2004-12-27,70.5416259765625,70.5416259765625,69.61184692382812,69.81397247314453,52.337196350097656,1578800
2004-12-28,69.53099822998047,69.93524932861328,69.16717529296875,69.4905776977539,52.09474563598633,1773828
2004-12-29,69.32887268066406,69.89482879638672,69.12674713134766,69.36930084228516,52.003841400146484,1499122
2004-12-30,69.20760345458984,69.57142639160156,69.12674713134766,69.40972137451172,52.034156799316406,1569796
2004-12-31,69.12674713134766,69.89482879638672,69.12674713134766,69.53099822998047,52.12504959106445,1448188
2005-01-03,69.77355194091797,70.17780303955078,68.43952178955078,68.96504974365234,51.700775146484375,2746494
2005-01-04,69.12674713134766,69.45014953613281,66.94380187988281,67.5905990600586,50.67041015625,3543575
2005-01-05,67.10549926757812,67.91400146484375,66.66082763671875,66.78209686279297,50.06428909301758,2619394
2005-01-06,67.50975036621094,68.15654754638672,66.62039947509766,67.55017852783203,50.640106201171875,3533655
2005-01-07,68.19697570800781,68.31825256347656,67.10549926757812,67.46932220458984,50.57949447631836,3274632
2005-01-10,67.55017852783203,69.00547790527344,67.30762481689453,68.64164733886719,51.45832824707031,4709190
2005-01-11,68.23739624023438,68.23739624023438,66.86295318603516,67.26719665527344,50.42797088623047,3479011
2005-01-12,67.50975036621094,67.91400146484375,66.05445098876953,66.57997131347656,49.91278076171875,4272406
2005-01-13,66.53955078125,70.0969467163086,66.53955078125,68.52037811279297,51.367435455322266,5989660
2005-01-14,69.12674713134766,69.73312377929688,68.52037811279297,68.8437728881836,51.609859466552734,2767421
2005-01-18,69.16717529296875,70.82460021972656,69.16717529296875,70.46077728271484,52.822086334228516,6115622
2005-01-19,67.71187591552734,67.71187591552734,64.47787475585938,65.4885025024414,49.094520568847656,12408534
2005-01-20,65.0438232421875,65.286376953125,61.68854904174805,63.75022506713867,47.79141616821289,9691998
2005-01-21,64.11405181884766,64.63957214355469,63.02257537841797,63.18427658081055,47.367122650146484,4493556
2005-01-24,63.30554962158203,63.548099517822266,61.526851654052734,61.8098258972168,46.33675003051758,4248559
2005-01-25,62.214073181152344,62.98215103149414,61.243873596191406,62.05237579345703,46.51858901977539,3715226
2005-01-26,62.658748626708984,63.46725082397461,62.49705123901367,63.2651252746582,47.4277458190918,4388324
2005-01-27,64.68000030517578,64.68000030517578,63.14384841918945,63.46725082397461,47.57926940917969,2932220
2005-01-28,63.588523864746094,63.669376373291016,62.25450134277344,62.658748626708984,46.9731559753418,3633519
2005-01-31,63.709800720214844,63.992774963378906,63.30554962158203,63.62894821166992,47.70048522949219,2532987
2005-02-01,63.669376373291016,64.88212585449219,63.224700927734375,64.63957214355469,48.4581184387207,3513173
2005-02-02,64.72042846679688,65.97360229492188,64.39702606201172,65.77147674560547,49.306671142578125,3359951
2005-02-03,65.69062805175781,65.73104858398438,64.43744659423828,64.63957214355469,48.4581184387207,2232331
2005-02-04,64.80127716064453,66.2969970703125,64.68000030517578,65.73104858398438,49.276363372802734,1988621
2005-02-07,65.36722564697266,66.45870208740234,65.36722564697266,66.0948715209961,49.54911422729492,1705702
2005-02-08,65.77147674560547,66.90337371826172,65.69062805175781,65.97360229492188,49.45820617675781,1980977
2005-02-09,65.77147674560547,67.71187591552734,63.46725082397461,63.46725082397461,47.57926940917969,3666716
2005-02-10,63.46725082397461,64.39702606201172,63.38639831542969,64.19490051269531,48.124759674072266,1866444
2005-02-11,64.19490051269531,64.68000030517578,63.7906494140625,64.31617736816406,48.215694427490234,2272282
2005-02-14,64.47787475585938,65.77147674560547,64.11405181884766,65.4885025024414,49.094520568847656,2847545
2005-02-15,64.68000030517578,65.2459487915039,64.27574920654297,64.68000030517578,48.48842239379883,3453135
2005-02-16,64.19490051269531,64.35659790039062,63.38639831542969,63.588523864746094,47.67018508911133,4041336
2005-02-17,63.46725082397461,64.43744659423828,62.456626892089844,62.90129852294922,47.154998779296875,4299938
2005-02-18,63.0629997253418,63.588523864746094,62.658748626708984,62.658748626708984,46.9731559753418,1934323
2005-02-22,62.0119514465332,63.50767517089844,61.48642349243164,61.8098258972168,46.33675003051758,3183723
2005-02-23,61.76940155029297,62.618324279785156,61.041751861572266,62.335350036621094,46.7307243347168,2885343
2005-02-24,61.850250244140625,63.2651252746582,61.405574798583984,63.0629997253418,47.276214599609375,2379344
2005-02-25,62.739601135253906,63.38639831542969,62.49705123901367,63.02257537841797,47.245914459228516,2003908
2005-02-28,62.658748626708984,63.62894821166992,62.658748626708984,63.30554962158203,47.45804214477539,3066914
2005-03-01,63.224700927734375,63.46725082397461,62.13322448730469,63.18427658081055,47.367122650146484,3677180
2005-03-02,62.05237579345703,63.14384841918945,61.76940155029297,62.98215103149414,47.215606689453125,3074113
2005-03-03,62.98215103149414,63.2651252746582,61.16302490234375,61.44599914550781,46.064002990722656,4309709
2005-03-04,61.97152328491211,62.0119514465332,59.62687683105469,61.082176208496094,45.791263580322266,6830649
2005-03-07,61.082176208496094,62.618324279785156,60.55664825439453,62.25450134277344,46.67010498046875,5399184
2005-03-08,61.526851654052734,65.60977172851562,60.67792510986328,62.09280014038086,46.54887771606445,8805145
2005-03-09,62.214073181152344,62.739601135253906,61.56727600097656,61.8098258972168,46.33675003051758,3121336
2005-03-10,62.658748626708984,62.90129852294922,61.64812469482422,62.335350036621094,46.7307243347168,2828275
2005-03-11,63.62894821166992,63.669376373291016,61.60770034790039,61.728973388671875,46.39650344848633,2656871
2005-03-14,62.25450134277344,62.618324279785156,61.93109893798828,62.618324279785156,47.0649528503418,2124527
2005-03-15,62.658748626708984,62.82044982910156,61.68854904174805,61.97152328491211,46.57880401611328,2919852
2005-03-16,62.41619873046875,63.62894821166992,61.48642349243164,61.64812469482422,46.335716247558594,4778479
2005-03-17,62.09280014038086,62.25450134277344,61.20344924926758,61.2843017578125,46.06228256225586,2413655
2005-03-18,60.71834945678711,61.00132369995117,60.27367401123047,60.67792510986328,45.60652160644531,5653061
2005-03-21,61.365150451660156,61.48642349243164,59.990699768066406,60.27367401123047,45.302669525146484,2949041
2005-03-22,61.041751861572266,61.60770034790039,60.55664825439453,60.597076416015625,45.54573440551758,5026098
2005-03-23,61.12260055541992,61.243873596191406,60.031124114990234,60.43537521362305,45.42420196533203,3197526
2005-03-24,60.63750076293945,60.920475006103516,60.07154846191406,60.39495086669922,45.39381408691406,1954731
2005-03-28,60.55664825439453,61.16302490234375,60.111976623535156,60.23324966430664,45.27229309082031,2527149
2005-03-29,60.19282531738281,60.5162239074707,59.38432312011719,59.50559997558594,44.72537612915039,2839283
2005-03-30,59.42475128173828,60.475799560546875,59.42475128173828,60.43537521362305,45.42420196533203,2962771
2005-03-31,60.152400970458984,60.88005065917969,60.031124114990234,60.5162239074707,45.4849739074707,3659889
2005-04-01,61.12260055541992,61.44599914550781,60.07154846191406,60.19282531738281,45.24190139770508,3715968
2005-04-04,60.19282531738281,60.27367401123047,59.667301177978516,60.111976623535156,45.181121826171875,2459147
2005-04-05,59.86942672729492,60.88005065917969,59.86942672729492,60.75877380371094,45.66728591918945,3045788
2005-04-06,60.27367401123047,61.12260055541992,59.990699768066406,60.39495086669922,45.39381408691406,2428448
2005-04-07,60.63750076293945,62.05237579345703,60.475799560546875,61.850250244140625,46.48765182495117,3247297
2005-04-08,61.850250244140625,61.850250244140625,61.20344924926758,61.44599914550781,46.18380355834961,2755795
2005-04-11,61.243873596191406,61.32472610473633,60.597076416015625,61.082176208496094,45.91034698486328,1546494
2005-04-12,60.63750076293945,62.294925689697266,60.39495086669922,61.76940155029297,46.42687225341797,2555968
2005-04-13,61.405574798583984,63.0629997253418,61.365150451660156,61.76940155029297,46.42687225341797,3923290
2005-04-14,61.76940155029297,63.0629997253418,60.799198150634766,60.920475006103516,45.7888069152832,2683241
2005-04-15,60.67792510986328,60.71834945678711,59.62687683105469,59.62687683105469,44.81653594970703,3775955
2005-04-18,59.222625732421875,59.50559997558594,58.535400390625,59.0609245300293,44.391143798828125,3248757
2005-04-19,59.586448669433594,59.95027542114258,58.93965148925781,59.50559997558594,44.72537612915039,2136722
2005-04-20,60.031124114990234,60.63750076293945,59.546024322509766,60.35452651977539,45.36342239379883,4085467
2005-04-21,64.033203125,64.59915161132812,63.18427658081055,64.39702606201172,48.40183639526367,9518120
2005-04-22,64.39702606201172,64.59915161132812,63.30554962158203,63.7906494140625,47.946067810058594,2915399
2005-04-25,64.11405181884766,64.27574920654297,63.14384841918945,63.75022506713867,47.91571044921875,2322968
2005-04-26,63.2651252746582,64.47787475585938,63.2651252746582,64.27574920654297,48.310691833496094,2992900
2005-04-27,63.871498107910156,64.033203125,63.34597396850586,63.46725082397461,47.7030143737793,2815485
2005-04-28,62.98215103149414,63.30554962158203,62.05237579345703,62.13322448730469,46.70034408569336,2738924
2005-04-29,62.294925689697266,62.49705123901367,61.041751861572266,62.0119514465332,46.60918426513672,2454348
2005-05-02,62.0119514465332,62.90129852294922,61.60770034790039,62.5374755859375,47.004180908203125,1661299
2005-05-03,62.69917678833008,63.0629997253418,62.05237579345703,62.94172668457031,47.308013916015625,2050983
2005-05-04,62.90129852294922,63.95235061645508,62.5374755859375,63.46725082397461,47.7030143737793,2554583
2005-05-05,63.0629997253418,64.07362365722656,62.94172668457031,63.50767517089844,47.7333984375,2610019
2005-05-06,64.47787475585938,64.55872344970703,63.18427658081055,63.42682647705078,47.67261505126953,2766432
2005-05-09,63.02257537841797,63.871498107910156,63.02257537841797,63.75022506713867,47.91571044921875,2501868
2005-05-10,64.35659790039062,64.59915161132812,63.30554962158203,63.83107376098633,47.97646713256836,3974125
2005-05-11,63.95235061645508,64.2353286743164,62.658748626708984,63.871498107910156,48.00684356689453,2213408
2005-05-12,64.15447235107422,64.55872344970703,63.588523864746094,63.95235061645508,48.067630767822266,2645096
2005-05-13,64.59915161132812,66.25657653808594,64.07362365722656,65.52892303466797,49.25259017944336,6830773
2005-05-16,65.65019989013672,66.01402282714844,65.16510009765625,65.65019989013672,49.34375,3079975
2005-05-17,65.4885025024414,66.4991226196289,64.96297454833984,66.37785339355469,49.89066696166992,3626271
2005-05-18,66.62039947509766,68.47994995117188,66.53955078125,68.31825256347656,51.34910583496094,6797056
2005-05-19,69.65227508544922,71.22885131835938,69.45014953613281,69.97567749023438,52.594871520996094,8951886
2005-05-20,70.25865173339844,70.46077728271484,69.32887268066406,69.73312377929688,52.412540435791016,3230328
2005-05-23,69.77355194091797,70.82460021972656,69.73312377929688,70.42034912109375,52.92909240722656,3205393
2005-05-24,69.93524932861328,70.46077728271484,69.81397247314453,70.21822357177734,52.77716064453125,2458528
2005-05-25,70.13737487792969,70.13737487792969,68.8437728881836,69.40972137451172,52.16947937011719,2419666
2005-05-26,69.97567749023438,70.98629760742188,69.73312377929688,70.58204650878906,53.05061340332031,2847124
2005-05-27,70.62247467041016,70.66290283203125,69.93524932861328,70.0969467163086,52.686004638671875,1908992
2005-05-31,69.81397247314453,70.58204650878906,69.40972137451172,70.21822357177734,52.77716064453125,2635523
2005-06-01,69.93524932861328,71.06714630126953,69.73312377929688,70.70332336425781,53.14173889160156,2144836
2005-06-02,70.7437515258789,71.87564849853516,70.70332336425781,71.87564849853516,54.022911071777344,2658429
2005-06-03,71.71395111083984,71.9969253540039,71.22885131835938,71.71395111083984,53.9013671875,2876289
2005-06-06,71.5926742553711,72.44159698486328,71.5926742553711,72.44159698486328,54.448272705078125,2813036
2005-06-07,72.76499938964844,74.78624725341797,72.76499938964844,73.29052734375,55.086341857910156,6343327
2005-06-08,74.38200378417969,74.7458267211914,72.96712493896484,73.12882232666016,54.96482467651367,4665356
2005-06-09,73.29052734375,73.97775268554688,72.88627624511719,73.69477844238281,55.39019012451172,3528213
2005-06-10,73.45222473144531,73.81604766845703,72.32032775878906,73.00755310058594,54.8736686706543,2068819
2005-06-13,72.52245330810547,73.61392211914062,72.23947143554688,73.37137603759766,55.2695198059082,2479629
2005-06-14,72.88627624511719,74.05860137939453,72.88627624511719,73.57350158691406,55.421791076660156,2436092
2005-06-15,73.93732452392578,74.543701171875,72.80542755126953,73.16925048828125,55.11728286743164,2156364
2005-06-16,73.16925048828125,73.85647583007812,72.96712493896484,73.33094787597656,55.23908615112305,2362152
2005-06-17,73.85647583007812,73.85647583007812,72.80542755126953,73.61392211914062,55.45222854614258,3184292
2005-06-20,73.00755310058594,73.85647583007812,73.00755310058594,73.41179656982422,55.299983978271484,1807075
2005-06-21,73.0884017944336,73.93732452392578,73.0884017944336,73.65435028076172,55.48268508911133,1546271
2005-06-22,74.0990219116211,76.20112609863281,73.89689636230469,75.9990005493164,57.248863220214844,5138850
2005-06-23,76.40325164794922,77.81812286376953,76.12027740478516,76.28197479248047,57.46202087402344,6777440
2005-06-24,76.40325164794922,76.56494903564453,74.70539855957031,74.98837280273438,56.487579345703125,3354212
2005-06-27,74.01817321777344,74.5032730102539,73.16925048828125,73.53307342529297,55.391334533691406,3365690
2005-06-28,74.05860137939453,74.66497802734375,73.73519897460938,74.17987823486328,55.87857437133789,3750600
2005-06-29,75.796875,76.07984924316406,74.62454986572266,74.90752410888672,56.426673889160156,3690588
2005-06-30,75.51390075683594,76.20112609863281,73.69477844238281,73.81604766845703,55.6044921875,3849821
2005-07-01,74.01817321777344,74.22029876708984,73.33094787597656,73.85647583007812,55.63495635986328,2105875
2005-07-05,73.37137603759766,74.86710357666016,72.96712493896484,74.82667541503906,56.36577224731445,3355720
2005-07-06,75.19049835205078,76.40325164794922,74.70539855957031,74.78624725341797,56.335330963134766,3625974
2005-07-07,73.65435028076172,75.63517761230469,73.20967864990234,75.27134704589844,56.70072555541992,3300210
2005-07-08,75.63517761230469,75.67559814453125,74.62454986572266,74.94795227050781,56.4571418762207,4048683
2005-07-11,75.51390075683594,76.56494903564453,75.35220336914062,76.44367218017578,57.58382034301758,5219666
2005-07-12,76.80750274658203,78.7479019165039,76.44367218017578,77.89897155761719,58.680084228515625,7135015
2005-07-13,78.30322265625,78.66705322265625,77.93939971923828,78.62662506103516,59.22822570800781,3762919
2005-07-14,78.82875061035156,79.7989501953125,77.73727416992188,77.97982788085938,58.74098587036133,6584515
2005-07-15,77.81812286376953,79.35427856445312,77.53514862060547,78.82875061035156,59.38047790527344,4939023
2005-07-18,78.22237396240234,79.03087615966797,78.1010971069336,78.66705322265625,59.25865173339844,3365912
2005-07-19,79.7585220336914,80.60745239257812,79.07129669189453,80.24362182617188,60.44628143310547,6931082
2005-07-20,80.0010757446289,81.41594696044922,79.23300170898438,80.56702423095703,60.689903259277344,10204700
2005-07-21,80.56702423095703,81.0521240234375,79.27342224121094,79.556396484375,59.92860794067383,6491280
2005-07-22,78.82875061035156,80.8499984741211,78.02024841308594,80.8499984741211,60.90304183959961,5278565
2005-07-25,83.5584716796875,84.0031509399414,82.87124633789062,83.03295135498047,62.54743957519531,10121459
2005-07-26,83.67974853515625,84.77122497558594,81.86062622070312,83.63932800292969,63.00423812866211,10602350
2005-07-27,83.801025390625,84.8520736694336,83.47762298583984,84.69037628173828,63.79595184326172,6606184
2005-07-28,84.81165313720703,86.87332153320312,84.73079681396484,86.14567565917969,64.89217376708984,6044106
2005-07-29,85.21589660644531,85.74142456054688,84.44782257080078,85.62014770507812,64.49633026123047,6446011
2005-08-01,85.2967529296875,87.11587524414062,84.97335052490234,86.95417785644531,65.50127410888672,5171552
2005-08-02,86.59034729003906,88.20735168457031,86.42864990234375,88.16692352294922,66.41480255126953,6062041
2005-08-03,88.08607482910156,89.37967681884766,87.52012634277344,89.0967025756836,67.11514282226562,4817860
2005-08-04,87.92437744140625,89.33924865722656,87.560546875,88.93499755859375,66.99337768554688,4422907
2005-08-05,88.08607482910156,89.0967025756836,86.5499267578125,87.19672393798828,65.68395233154297,4155894
2005-08-08,87.19672393798828,87.52012634277344,86.42864990234375,87.52012634277344,65.92758178710938,2919876
2005-08-09,87.68182373046875,88.77330017089844,86.67120361328125,87.39884948730469,65.83622741699219,3525788
2005-08-10,88.0052261352539,88.65202331542969,86.06482696533203,86.46907806396484,65.13581085205078,3130192
2005-08-11,86.5499267578125,87.92437744140625,86.5094985961914,87.8031005859375,66.14071655273438,2631540
2005-08-12,87.11587524414062,87.23715209960938,85.66057586669922,86.67120361328125,65.28807830810547,3368559
2005-08-15,85.78185272216797,86.22652435302734,84.64994812011719,85.53929901123047,64.43541717529297,3840519
2005-08-16,84.93292236328125,85.66057586669922,83.51805114746094,83.5988998413086,62.9737548828125,4145455
2005-08-17,83.51805114746094,84.20527648925781,82.70954895019531,83.5988998413086,62.9737548828125,3577737
2005-08-18,83.19464874267578,83.5584716796875,82.46700286865234,83.19464874267578,62.669254302978516,3066073
2005-08-19,83.31592559814453,83.47762298583984,82.5478515625,82.66912841796875,62.27339172363281,2608237
2005-08-22,83.88187408447266,84.73079681396484,83.31592559814453,84.52867126464844,63.67416000366211,2951342
2005-08-23,84.8520736694336,86.46907806396484,84.48825073242188,85.94355010986328,64.73993682861328,3449450
2005-08-24,85.45845031738281,86.95417785644531,84.56909942626953,84.73079681396484,63.8264045715332,3880841
2005-08-25,85.17547607421875,85.62014770507812,84.28612518310547,85.05419921875,64.07002258300781,3617365
2005-08-26,85.21589660644531,85.82227325439453,84.60952758789062,85.37760162353516,64.31363677978516,2562820
2005-08-29,84.81165313720703,86.14567565917969,84.28612518310547,85.90312194824219,64.70951080322266,2406852
2005-08-30,85.94355010986328,88.69245147705078,85.53929901123047,88.61160278320312,66.74974822998047,4965046
2005-08-31,88.57117462158203,90.14775085449219,87.23715209960938,88.44989776611328,66.62794494628906,6005170
2005-09-01,87.96479797363281,89.98605346679688,87.64140319824219,89.74349975585938,67.60238647460938,4986716
2005-09-02,89.78392791748047,90.7541275024414,88.69245147705078,88.93499755859375,66.99337768554688,2902882
2005-09-06,89.74349975585938,90.7541275024414,89.74349975585938,90.59242248535156,68.24187469482422,4576327
2005-09-07,90.79454803466797,91.44135284423828,90.02647399902344,90.39029693603516,68.0896224975586,5209647
2005-09-08,90.39029693603516,91.88602447509766,89.70307159423828,91.6030502319336,69.00316619873047,4312801
2005-09-09,91.96687316894531,93.3009033203125,91.80517578125,92.49240112304688,69.67308044433594,5260507
2005-09-12,92.57324981689453,93.0987777709961,92.12857818603516,92.49240112304688,69.67308044433594,3224341
2005-09-13,92.97750091552734,94.95832824707031,92.29027557373047,94.79662322998047,71.53387451171875,6064886
2005-09-14,94.19024658203125,96.61575317382812,94.19024658203125,96.49447631835938,72.81510162353516,6723636
2005-09-15,96.57532501220703,96.97957611083984,94.7562026977539,95.68597412109375,72.20500183105469,7044230
2005-09-16,95.8072509765625,96.13065338134766,94.79662322998047,95.72640228271484,72.23550415039062,4637007
2005-09-19,95.07959747314453,95.52427673339844,92.73494720458984,94.02854919433594,70.95429992675781,4027112
2005-09-20,93.78600311279297,94.47322845458984,91.44135284423828,91.6030502319336,69.1240005493164,4794830
2005-09-21,90.14775085449219,91.15837860107422,89.5009536743164,89.98605346679688,67.90380859375,5078071
2005-09-22,89.13712310791016,90.43072509765625,88.08607482910156,89.54137420654297,67.56826782226562,5645244
2005-09-23,89.54137420654297,92.29027557373047,89.54137420654297,92.12857818603516,69.52057647705078,3764477
2005-09-26,92.89665222167969,93.66472625732422,90.7541275024414,91.5626220703125,69.09349060058594,3884453
2005-09-27,91.7647476196289,91.92645263671875,89.82434844970703,90.43072509765625,68.23934173583984,3609227
2005-09-28,90.91582489013672,91.32007598876953,89.17755126953125,89.54137420654297,67.56826782226562,3460878
2005-09-29,89.5009536743164,90.87539672851562,88.53074645996094,89.78392791748047,67.75128936767578,3607669
2005-09-30,90.22859954833984,90.3498764038086,88.73287200927734,89.0562744140625,67.20219421386719,4424193
2005-10-03,89.78392791748047,91.52220153808594,89.78392791748047,90.71369934082031,68.45289611816406,4483661
2005-10-04,91.27964782714844,92.0073013305664,89.94562530517578,90.22859954833984,68.08684539794922,4892962
2005-10-05,89.21797180175781,90.02647399902344,86.95417785644531,88.93499755859375,67.11067962646484,5762647
2005-10-06,88.61160278320312,88.93499755859375,85.2967529296875,86.3478012084961,65.15838623046875,5311070
2005-10-07,86.83290100097656,87.7626724243164,86.14567565917969,87.31800079345703,65.89049530029297,2956562
2005-10-10,87.15630340576172,87.15630340576172,83.5988998413086,84.16484832763672,63.5111083984375,4103921
2005-10-11,84.48825073242188,86.63077545166016,82.26487731933594,83.07337188720703,62.687469482421875,5418701
2005-10-12,82.26487731933594,83.31592559814453,79.03087615966797,79.92022705078125,60.3080940246582,8230427
2005-10-13,80.0010757446289,81.17340087890625,78.62662506103516,80.48617553710938,60.73514938354492,6089450
2005-10-14,84.89250183105469,84.89250183105469,80.44574737548828,81.4968032836914,61.4977912902832,7145826
2005-10-17,82.5478515625,82.87124633789062,80.08192443847656,80.60745239257812,60.82670593261719,4902461
2005-10-18,81.61807250976562,82.95210266113281,80.48617553710938,81.53722381591797,61.52830505371094,7933036
2005-10-19,84.89250183105469,85.4988784790039,82.46700286865234,84.97335052490234,64.1212158203125,9852863
2005-10-20,85.62014770507812,86.06482696533203,84.24569702148438,84.44782257080078,63.72462463378906,5430699
2005-10-21,84.40740203857422,84.89250183105469,82.99252319335938,83.67974853515625,63.14507293701172,4310724
2005-10-24,84.08399963378906,84.93292236328125,83.92230224609375,84.8520736694336,64.02967834472656,3395547
2005-10-25,84.48825073242188,84.8520736694336,83.67974853515625,84.64994812011719,63.87717056274414,3420359
2005-10-26,84.64994812011719,86.38822174072266,84.32655334472656,85.62014770507812,64.60929107666016,4245244
2005-10-27,85.41802215576172,86.307373046875,84.20527648925781,84.48825073242188,63.755157470703125,3009549
2005-10-28,85.01377868652344,85.90312194824219,83.67974853515625,85.2563247680664,64.33473205566406,3050909
2005-10-31,85.4988784790039,90.3498764038086,85.45845031738281,89.58180236816406,67.5987777709961,6965467
2005-11-01,89.33924865722656,90.14775085449219,88.24777221679688,89.74349975585938,67.72080993652344,4063797
2005-11-02,89.0562744140625,93.58387756347656,88.97542572021484,93.13919830322266,70.28321075439453,7895213
2005-11-03,93.38175201416016,93.98812866210938,92.53282165527344,92.97750091552734,70.16117858886719,5104861
2005-11-04,92.41155242919922,94.1093978881836,92.16899871826172,93.3009033203125,70.40522766113281,3122548
2005-11-07,92.97750091552734,93.90727233886719,92.53282165527344,93.0987777709961,70.2527084350586,2863946
2005-11-08,92.69452667236328,93.94770050048828,92.24984741210938,93.74557495117188,70.74076843261719,3475918
2005-11-09,93.22004699707031,95.72640228271484,93.22004699707031,95.3625717163086,71.96096801757812,4723265
2005-11-10,95.40299987792969,95.8072509765625,94.23067474365234,95.7668228149414,72.26602935791016,4072480
2005-11-11,95.6051254272461,96.37319946289062,94.87747192382812,95.24130249023438,71.86946105957031,2359678
2005-11-14,94.95832824707031,94.95832824707031,91.84559631347656,92.41155242919922,69.73411560058594,7045640
2005-11-15,92.37112426757812,92.37112426757812,90.552001953125,91.11795043945312,68.75794982910156,6544218
2005-11-16,91.19879913330078,92.16899871826172,90.79454803466797,92.08815002441406,69.4900894165039,3616005
2005-11-17,92.97750091552734,95.40299987792969,92.45197296142578,95.20087432861328,71.83898162841797,5678120
2005-11-18,96.29235076904297,96.8582992553711,95.03917694091797,96.45404815673828,72.78458404541016,5422437
2005-11-21,96.25192260742188,97.0199966430664,95.6051254272461,96.61575317382812,72.90663146972656,2879678
2005-11-22,96.25192260742188,97.0199966430664,95.88809967041016,97.0199966430664,73.21168518066406,2673024
2005-11-23,96.93914794921875,101.0220718383789,96.81787872314453,99.52635192871094,75.10296630859375,7190402
2005-11-25,99.52635192871094,100.25399780273438,98.43487548828125,100.13272857666016,75.56055450439453,1774348
2005-11-28,100.73909759521484,100.77952575683594,97.22212219238281,97.34339904785156,73.45570373535156,4698306
2005-11-29,98.27317810058594,98.67742156982422,96.97957611083984,97.62637329101562,73.66921997070312,4396339
2005-11-30,98.1114730834961,98.83912658691406,97.2625503540039,97.38382720947266,73.4861831665039,3606085
2005-12-01,97.99019622802734,98.47530364990234,97.14127349853516,97.82849884033203,73.82176208496094,4397427
2005-12-02,97.82849884033203,99.72847747802734,95.28172302246094,95.3625717163086,71.96096801757812,6487273
2005-12-05,95.52427673339844,95.8072509765625,94.06897735595703,94.14982604980469,71.04584503173828,4131008
2005-12-06,94.87747192382812,96.13065338134766,94.06897735595703,94.79662322998047,71.53387451171875,4514409
2005-12-07,95.16045379638672,95.52427673339844,92.57324981689453,93.22004699707031,70.34422302246094,3835102
2005-12-08,94.14982604980469,95.8072509765625,93.58387756347656,94.3519515991211,71.19834899902344,3780730
2005-12-09,94.83705139160156,95.28172302246094,94.1093978881836,94.63492584228516,71.41190338134766,2744119
2005-12-12,94.67534637451172,95.6051254272461,93.38175201416016,93.66472625732422,70.67975616455078,3052096
2005-12-13,93.66472625732422,94.43280029296875,92.53282165527344,92.61367797851562,70.00749206542969,4017563
2005-12-14,92.53282165527344,93.0179214477539,90.95625305175781,91.84559631347656,69.42691040039062,4087124
2005-12-15,93.3009033203125,94.3519515991211,92.12857818603516,92.24984741210938,69.73247528076172,5301645
2005-12-16,92.24984741210938,92.24984741210938,90.552001953125,90.59242248535156,68.47959899902344,5902239
2005-12-19,90.87539672851562,91.7647476196289,89.98605346679688,90.26902770996094,68.23514556884766,3498182
2005-12-20,90.26902770996094,91.7647476196289,89.78392791748047,90.91582489013672,68.72408294677734,4195275
2005-12-21,91.3604965209961,92.77537536621094,90.99667358398438,92.57324981689453,69.97693634033203,3907631
2005-12-22,92.89665222167969,94.1093978881836,92.89665222167969,94.02854919433594,71.07701110839844,4031812
2005-12-23,94.67534637451172,95.564697265625,94.63492584228516,94.95832824707031,71.77984619140625,2994706
2005-12-27,94.79662322998047,95.52427673339844,92.69452667236328,92.77537536621094,70.12973022460938,2528732
2005-12-28,93.17962646484375,93.82642364501953,92.08815002441406,92.57324981689453,69.97693634033203,2592628
2005-12-29,92.65409851074219,93.98812866210938,91.96687316894531,92.16899871826172,69.6713638305664,3045813
2005-12-30,91.5626220703125,91.92645263671875,90.7541275024414,91.32007598876953,69.0296401977539,2511243
2006-01-03,92.53282165527344,94.99874877929688,91.48177337646484,93.50302124023438,70.67976379394531,5251206
2006-01-04,93.78600311279297,95.12002563476562,93.78600311279297,94.59449768066406,71.50481414794922,3634360
2006-01-05,95.07959747314453,95.48384857177734,94.19024658203125,95.07959747314453,71.87149047851562,4473939
2006-01-06,96.77745056152344,98.91997528076172,96.25192260742188,98.39444732666016,74.37722778320312,6517353
2006-01-09,98.39444732666016,99.72847747802734,97.22212219238281,99.16252136230469,74.95783996582031,4336524
2006-01-10,98.23274993896484,98.39444732666016,96.73702239990234,96.93914794921875,73.27713012695312,4277130
2006-01-11,97.62637329101562,97.62637329101562,96.0093765258789,96.69660186767578,73.09381866455078,4835597
2006-01-12,97.54552459716797,97.74765014648438,96.04979705810547,96.45404815673828,72.91045379638672,3893432
2006-01-13,96.97957611083984,97.2625503540039,96.17107391357422,97.14127349853516,73.429931640625,3042251
2006-01-17,96.21150207519531,97.1008529663086,94.83705139160156,95.07959747314453,71.87149047851562,4096252
2006-01-18,93.58387756347656,95.564697265625,93.58387756347656,95.44342803955078,72.14653778076172,2993568
2006-01-19,96.49447631835938,98.67742156982422,96.13065338134766,98.43487548828125,74.40779113769531,9021843
2006-01-20,94.5540771484375,94.67534637451172,90.79454803466797,90.87539672851562,68.69351959228516,15938726
2006-01-23,91.52220153808594,91.64347839355469,89.46052551269531,89.66265106201172,67.77679443359375,7087421
2006-01-24,90.18817138671875,92.08815002441406,90.1073226928711,91.15837860107422,68.90741729736328,4242301
2006-01-25,91.68389892578125,92.33070373535156,91.15837860107422,91.72432708740234,69.33525085449219,3475374
2006-01-26,92.37112426757812,93.34132385253906,91.15837860107422,92.77537536621094,70.12973022460938,4972517
2006-01-27,93.0179214477539,93.70514678955078,90.63285064697266,90.95625305175781,68.7546157836914,5400322
2006-01-30,90.95625305175781,91.72432708740234,89.74349975585938,91.40092468261719,69.09075927734375,4051701
2006-01-31,90.87539672851562,92.69452667236328,90.3498764038086,91.80517578125,69.39634704589844,4366209
2006-02-01,91.07752227783203,92.49240112304688,90.99667358398438,92.16899871826172,69.6713638305664,2526160
2006-02-02,91.6030502319336,91.64347839355469,87.92437744140625,88.20735168457031,66.67669677734375,5223921
2006-02-03,88.24777221679688,88.28820037841797,85.2563247680664,85.57972717285156,64.69046783447266,7786221
2006-02-06,85.90312194824219,86.26695251464844,82.5478515625,82.99252319335938,62.73478317260742,9666320
2006-02-07,83.67974853515625,86.63077545166016,83.47762298583984,84.89250183105469,64.1709976196289,6848213
2006-02-08,86.59034729003906,87.7626724243164,86.18609619140625,87.68182373046875,66.27946472167969,5095560
2006-02-09,88.08607482910156,88.73287200927734,86.63077545166016,87.3584213256836,66.0350112915039,3798392
2006-02-10,87.03502655029297,87.7626724243164,85.17547607421875,87.31800079345703,66.00443267822266,3852220
2006-02-13,86.63077545166016,87.92437744140625,85.78185272216797,87.47969818115234,66.12667846679688,3480569
2006-02-14,87.52012634277344,90.02647399902344,87.47969818115234,89.82434844970703,67.8990249633789,5728015
2006-02-15,90.14775085449219,90.79454803466797,88.97542572021484,90.71369934082031,68.57128143310547,2856277
2006-02-16,90.26902770996094,90.91582489013672,89.33924865722656,89.74349975585938,67.8379135131836,3637007
2006-02-17,88.77330017089844,88.93499755859375,86.71162414550781,86.87332153320312,65.66831970214844,4895288
2006-02-21,86.87332153320312,87.8031005859375,86.06482696533203,87.19672393798828,65.91278076171875,2959777
2006-02-22,87.92437744140625,88.53074645996094,87.11587524414062,88.0052261352539,66.52391052246094,2915201
2006-02-23,88.04564666748047,88.73287200927734,87.43927764892578,88.20735168457031,66.67669677734375,2601138
2006-02-24,87.6009750366211,88.20735168457031,87.19672393798828,87.68182373046875,66.27946472167969,2295164
2006-02-27,87.52012634277344,89.0967025756836,87.52012634277344,87.92437744140625,66.46282196044922,2667730
2006-02-28,86.99459838867188,87.92437744140625,85.86270141601562,86.5094985961914,65.39328002929688,3869017
2006-03-01,86.46907806396484,90.59242248535156,86.46907806396484,89.298828125,67.50180053710938,5864836
2006-03-02,88.97542572021484,90.7541275024414,88.65202331542969,89.70307159423828,67.80736541748047,3816277
2006-03-03,88.89457702636719,89.66265106201172,88.57117462158203,88.8541488647461,67.1656494140625,2417415
2006-03-06,89.94562530517578,90.83497619628906,88.8541488647461,88.8541488647461,67.1656494140625,4053803
2006-03-07,88.89457702636719,89.33924865722656,86.91374969482422,87.68182373046875,66.27946472167969,3192628
2006-03-08,87.19672393798828,87.23715209960938,85.2967529296875,86.02439880371094,65.02658081054688,5281385
2006-03-09,86.22652435302734,88.32862854003906,86.02439880371094,86.02439880371094,65.02658081054688,3370093
2006-03-10,86.71162414550781,86.71162414550781,83.39677429199219,84.40740203857422,63.804290771484375,8739740
2006-03-13,84.16484832763672,84.64994812011719,81.73934936523438,84.48825073242188,63.98796081542969,7452047
2006-03-14,84.48825073242188,87.8435287475586,84.40740203857422,86.18609619140625,65.27388763427734,6501249
2006-03-15,86.46907806396484,88.93499755859375,86.3478012084961,88.69245147705078,67.17210388183594,4808930
2006-03-16,88.93499755859375,91.07752227783203,88.93499755859375,89.58180236816406,67.84568786621094,6390155
2006-03-17,90.26902770996094,90.7541275024414,89.21797180175781,89.94562530517578,68.12120056152344,4744242
2006-03-20,89.66265106201172,90.1073226928711,88.36904907226562,88.8541488647461,67.2945327758789,2837922
2006-03-21,88.77330017089844,90.02647399902344,87.3584213256836,87.64140319824219,66.3760757446289,3868695
2006-03-22,86.91374969482422,88.8541488647461,86.91374969482422,88.16692352294922,66.7740707397461,3837576
2006-03-23,88.08607482910156,89.42009735107422,87.68182373046875,89.0562744140625,67.4476318359375,3781596
2006-03-24,88.97542572021484,90.71369934082031,88.93499755859375,90.26902770996094,68.36611938476562,3796463
2006-03-27,90.02647399902344,90.87539672851562,89.58180236816406,89.62222290039062,67.8762435913086,4141373
2006-03-28,89.70307159423828,90.83497619628906,88.44989776611328,88.69245147705078,67.17210388183594,2978949
2006-03-29,89.42009735107422,92.12857818603516,89.17755126953125,92.04772186279297,69.7132339477539,6791688
2006-03-30,93.62429809570312,94.14982604980469,92.57324981689453,92.81580352783203,70.2949447631836,5619814
2006-03-31,93.22004699707031,93.94770050048828,92.29027557373047,92.61367797851562,70.14189147949219,3130909
2006-04-03,93.66472625732422,95.64555358886719,93.058349609375,94.27110290527344,71.39710998535156,4878639
2006-04-04,95.03917694091797,95.16045379638672,93.78600311279297,94.47322845458984,71.55020904541016,2699097
2006-04-05,94.3115234375,94.47322845458984,92.81580352783203,94.14982604980469,71.3052749633789,3981422
2006-04-06,94.14982604980469,96.65617370605469,93.78600311279297,96.09022521972656,72.7748794555664,5673370
2006-04-07,95.92852783203125,96.25192260742188,94.02854919433594,95.07959747314453,72.00943756103516,3641484
2006-04-10,95.03917694091797,95.32215118408203,92.69452667236328,93.90727233886719,71.12157440185547,2986790
2006-04-11,95.28172302246094,95.6051254272461,93.058349609375,95.28172302246094,72.16253662109375,4423995
2006-04-12,96.09022521972656,96.97957611083984,95.8072509765625,96.93914794921875,73.41779327392578,5142338
2006-04-13,96.89872741699219,97.99019622802734,96.61575317382812,97.1008529663086,73.540283203125,3635349
2006-04-17,97.1008529663086,97.99019622802734,94.5540771484375,95.32215118408203,72.19315338134766,4411651
2006-04-18,95.92852783203125,97.54552459716797,94.99874877929688,97.34339904785156,73.72395324707031,6555993
2006-04-19,91.3604965209961,92.16899871826172,89.86477661132812,90.91582489013672,68.85600280761719,13126333
2006-04-20,90.95625305175781,92.8562240600586,90.87539672851562,91.23922729492188,69.10088348388672,5373457
2006-04-21,91.23922729492188,91.44135284423828,88.73287200927734,89.21797180175781,67.57006072998047,4479159
2006-04-24,88.93499755859375,90.67327880859375,88.61160278320312,90.3094482421875,68.39674377441406,4005912
2006-04-25,89.98605346679688,90.59242248535156,88.73287200927734,88.93499755859375,67.35579681396484,3062783
2006-04-26,89.0562744140625,89.94562530517578,88.97542572021484,89.33924865722656,67.66193389892578,3185974
2006-04-27,89.21797180175781,89.5009536743164,88.44989776611328,88.81372833251953,67.2639389038086,3035399
2006-04-28,88.20735168457031,88.24777221679688,85.94355010986328,86.307373046875,65.36572265625,5131503
2006-05-01,85.62014770507812,86.91374969482422,84.48825073242188,85.53929901123047,64.78402709960938,6257019
2006-05-02,86.02439880371094,87.72225189208984,85.74142456054688,85.90312194824219,65.05957794189453,3859790
2006-05-03,87.92437744140625,88.89457702636719,87.92437744140625,88.53074645996094,67.04962158203125,5285615
2006-05-04,88.53074645996094,89.66265106201172,88.28820037841797,88.73287200927734,67.20272827148438,3880371
2006-05-05,89.42009735107422,90.26902770996094,89.0158462524414,90.14775085449219,68.2742919921875,4208831
2006-05-08,89.66265106201172,91.5626220703125,88.97542572021484,91.11795043945312,69.00902557373047,4178850
2006-05-09,90.3498764038086,93.0179214477539,90.1073226928711,92.41155242919922,69.98880004882812,6370266
2006-05-10,92.0073013305664,92.16899871826172,89.90519714355469,90.14775085449219,68.2742919921875,6629536
2006-05-11,90.47115325927734,90.5115737915039,85.90312194824219,86.7520523071289,65.70250701904297,10197774
2006-05-12,86.1052474975586,88.32862854003906,85.62014770507812,87.47969818115234,66.25359344482422,7137242
2006-05-15,86.67120361328125,87.19672393798828,85.45845031738281,87.03502655029297,65.91680145263672,3962202
2006-05-16,86.91374969482422,88.8541488647461,86.18609619140625,86.87332153320312,65.79432678222656,4223426
2006-05-17,85.82227325439453,86.46907806396484,83.72017669677734,84.8520736694336,64.26351928710938,4992628
2006-05-18,84.60952758789062,85.53929901123047,82.46700286865234,82.70954895019531,62.640865325927734,4073049
2006-05-19,83.8414535522461,84.48825073242188,81.69892120361328,82.5478515625,62.518409729003906,6511540
2006-05-22,82.46700286865234,84.73079681396484,82.1031723022461,83.8414535522461,63.49813461303711,4837823
2006-05-23,85.0946273803711,86.38822174072266,83.43720245361328,83.5584716796875,63.28384017944336,3921286
2006-05-24,84.08399963378906,84.28612518310547,81.4968032836914,82.66912841796875,62.61027145385742,4919852
2006-05-25,83.5988998413086,85.2967529296875,83.5584716796875,85.0946273803711,64.44722747802734,4771255
2006-05-26,85.2967529296875,86.22652435302734,85.13504791259766,86.02439880371094,65.15140533447266,2065925
2006-05-30,85.33717346191406,85.53929901123047,84.93292236328125,85.0946273803711,64.44722747802734,2368609
2006-05-31,85.21589660644531,85.78185272216797,85.01377868652344,85.2563247680664,64.56969451904297,3151936
2006-06-01,85.13504791259766,87.52012634277344,85.0946273803711,87.3584213256836,66.16172790527344,3278887
2006-06-02,88.53074645996094,89.13712310791016,87.31800079345703,87.96479797363281,66.6209945678711,4550649
2006-06-05,87.43927764892578,87.72225189208984,85.98397827148438,87.3584213256836,66.16172790527344,3504020
2006-06-06,87.3584213256836,87.68182373046875,86.63077545166016,87.11587524414062,65.9780502319336,5048633
2006-06-07,87.11587524414062,87.11587524414062,85.2563247680664,85.62014770507812,64.84525299072266,3408757
2006-06-08,84.0031509399414,85.17547607421875,81.4968032836914,84.44782257080078,63.95738983154297,6047792
2006-06-09,85.05419921875,85.70099639892578,82.02232360839844,83.23507690429688,63.03889083862305,4576178
2006-06-12,84.0031509399414,85.21589660644531,79.63725280761719,79.7585220336914,60.4058723449707,6648683
2006-06-13,79.8393783569336,81.0521240234375,78.1010971069336,79.8393783569336,60.620750427246094,5225974
2006-06-14,80.44574737548828,81.65850067138672,80.20320129394531,81.41594696044922,61.81781005859375,4644304
2006-06-15,81.65850067138672,82.87124633789062,81.61807250976562,82.18402862548828,62.400997161865234,4902585
2006-06-16,81.33509826660156,81.69892120361328,79.67767333984375,81.17340087890625,61.6336669921875,6335139
2006-06-19,81.65850067138672,81.65850067138672,80.48617553710938,80.93084716796875,61.449520111083984,2726135
2006-06-20,80.93084716796875,82.26487731933594,79.71810150146484,80.16277313232422,60.86629867553711,6041311
2006-06-21,80.8499984741211,81.69892120361328,80.68830108642578,80.8499984741211,61.38810729980469,5217464
2006-06-22,81.01170349121094,81.294677734375,79.31385040283203,79.556396484375,60.40589904785156,3580111
2006-06-23,79.556396484375,80.89042663574219,78.58619689941406,80.36489868164062,61.019779205322266,3706642
2006-06-26,80.04149627685547,81.13297271728516,79.87979888916016,80.64787292480469,61.23463439941406,2643092
2006-06-27,80.12235260009766,81.37552642822266,79.03087615966797,79.556396484375,60.40589904785156,3980730
2006-06-28,79.5968246459961,80.0010757446289,76.8479232788086,78.06067657470703,59.270198822021484,6031565
2006-06-29,78.62662506103516,81.13297271728516,77.73727416992188,80.80957794189453,61.357425689697266,4640445
2006-06-30,81.0521240234375,82.06275177001953,80.28404998779297,81.45637512207031,61.84852600097656,3348275
2006-07-03,81.4968032836914,82.22444915771484,81.45637512207031,81.94147491455078,62.21684646606445,1981027
2006-07-05,80.52660369873047,81.0925521850586,79.71810150146484,80.60745239257812,61.203922271728516,2938578
2006-07-06,81.13297271728516,82.46700286865234,80.8499984741211,81.2542495727539,61.695030212402344,3295510
2006-07-07,80.44574737548828,80.89042663574219,79.11172485351562,80.08192443847656,60.8049201965332,4757650
2006-07-10,80.44574737548828,81.0521240234375,77.65642547607422,78.26280212402344,59.42367172241211,3199827
2006-07-11,77.61599731445312,78.22237396240234,75.9990005493164,78.1010971069336,59.3009033203125,6640297
2006-07-12,78.30322265625,79.11172485351562,76.76707458496094,76.80750274658203,58.31870651245117,4115102
2006-07-13,76.20112609863281,78.18195343017578,75.43305206298828,77.00962829589844,58.472164154052734,4578132
2006-07-14,77.00962829589844,78.14152526855469,75.51390075683594,75.5543212890625,57.3671760559082,3951713
2006-07-17,75.67559814453125,78.02024841308594,75.67559814453125,77.13089752197266,58.56425094604492,4888460
2006-07-18,77.45429992675781,78.78832244873047,75.5947494506836,76.32240295410156,57.95037078857422,5616945
2006-07-19,76.72664642333984,78.82875061035156,76.64579772949219,77.81812286376953,59.08605194091797,7632010
2006-07-20,85.70099639892578,87.92437744140625,83.03295135498047,83.27549743652344,63.22975540161133,15439579
2006-07-21,83.27549743652344,83.67974853515625,80.93084716796875,82.46700286865234,62.61585235595703,5780309
2006-07-24,83.96272277832031,86.71162414550781,83.96272277832031,85.37760162353516,64.82583618164062,6420507
2006-07-25,85.45845031738281,87.72225189208984,85.45845031738281,87.31800079345703,66.29915618896484,6342783
2006-07-26,88.04564666748047,89.54137420654297,87.11587524414062,88.32862854003906,67.06649780273438,6361435
2006-07-27,88.93499755859375,89.90519714355469,88.65202331542969,89.37967681884766,67.86454772949219,5239555
2006-07-28,89.58180236816406,91.72432708740234,89.5009536743164,90.91582489013672,69.03092193603516,6229561
2006-07-31,90.79454803466797,92.65409851074219,90.43072509765625,92.0073013305664,69.85965728759766,4561088
2006-08-01,91.23922729492188,91.27964782714844,89.74349975585938,90.87539672851562,69.00021362304688,4022857
2006-08-02,91.15837860107422,94.27110290527344,90.83497619628906,93.78600311279297,71.21019744873047,6799876
2006-08-03,93.058349609375,94.91790008544922,92.65409851074219,94.3519515991211,71.63990783691406,5017687
2006-08-04,92.97750091552734,94.27110290527344,91.84559631347656,93.38175201416016,70.90326690673828,5521558
2006-08-07,92.16899871826172,93.94770050048828,90.79454803466797,93.38175201416016,70.90326690673828,4685838
2006-08-08,93.62429809570312,94.1093978881836,91.52220153808594,92.20942687988281,70.01315307617188,4424539
2006-08-09,92.73494720458984,94.19024658203125,91.96687316894531,92.33070373535156,70.10519409179688,4042251
2006-08-10,92.04772186279297,93.34132385253906,90.95625305175781,93.17962646484375,70.74978637695312,2860507
2006-08-11,92.53282165527344,92.77537536621094,90.43072509765625,91.72432708740234,69.64481353759766,3647347
2006-08-14,92.65409851074219,93.94770050048828,91.5626220703125,93.058349609375,70.6576919555664,3677749
2006-08-15,93.58387756347656,95.20087432861328,92.8562240600586,95.16045379638672,72.2538070678711,4703228
2006-08-16,94.99874877929688,96.61575317382812,93.94770050048828,96.25192260742188,73.08255004882812,4125318
2006-08-17,95.48384857177734,97.0199966430664,94.79662322998047,95.88809967041016,72.8062744140625,5752851
2006-08-18,95.88809967041016,96.81787872314453,95.16045379638672,96.21150207519531,73.05187225341797,3245665
2006-08-21,95.3625717163086,95.84767150878906,94.23067474365234,95.52427673339844,72.53002166748047,2595473
2006-08-22,94.99874877929688,96.04979705810547,93.78600311279297,94.27110290527344,71.5785140991211,3071589
2006-08-23,93.90727233886719,94.79662322998047,90.7541275024414,91.72432708740234,69.64481353759766,5225479
2006-08-24,92.04772186279297,92.24984741210938,91.15837860107422,92.16899871826172,69.98246765136719,2486506
2006-08-25,91.92645263671875,92.77537536621094,91.3604965209961,91.92645263671875,69.79827880859375,2039753
2006-08-28,91.48177337646484,94.02854919433594,91.07752227783203,93.62429809570312,71.08744049072266,2863624
2006-08-29,93.62429809570312,94.99874877929688,92.77537536621094,94.7562026977539,71.9468765258789,3716042
2006-08-30,95.40299987792969,97.66680145263672,94.99874877929688,96.45404815673828,73.23599243164062,6019889
2006-08-31,96.45404815673828,96.53489685058594,93.58387756347656,94.5136489868164,71.7626953125,3261818
2006-09-01,94.91790008544922,95.12002563476562,93.22004699707031,94.63492584228516,71.85478210449219,2456524
2006-09-05,93.94770050048828,95.07959747314453,93.0179214477539,94.99874877929688,72.13101196289062,2260408
2006-09-06,93.66472625732422,94.47322845458984,91.7647476196289,91.80517578125,69.7061767578125,3431317
2006-09-07,91.07752227783203,93.22004699707031,90.06690216064453,93.13919830322266,70.71906280517578,4984045
2006-09-08,93.13919830322266,96.0093765258789,92.81580352783203,95.8072509765625,72.74491119384766,5204873
2006-09-11,95.6051254272461,97.78807830810547,95.32215118408203,96.89872741699219,73.57365417480469,4970934
2006-09-12,97.54552459716797,99.89017486572266,97.34339904785156,98.59657287597656,74.86279296875,6583327
2006-09-13,98.43487548828125,98.43487548828125,96.25192260742188,97.0604248046875,73.8478012084961,5197699
2006-09-14,97.1008529663086,99.3646469116211,96.93914794921875,99.04125213623047,75.35490417480469,3717996
2006-09-15,100.17314910888672,100.98165130615234,99.44550323486328,100.45612335205078,76.43140411376953,6032505
2006-09-18,100.77952575683594,103.28587341308594,100.09230041503906,100.8603744506836,76.73896789550781,8466766
2006-09-19,100.29442596435547,101.46675109863281,98.43487548828125,100.77952575683594,76.6774673461914,4063748
2006-09-20,101.2646255493164,102.7603530883789,101.0220718383789,102.07312774658203,77.66168975830078,4516834
2006-09-21,101.74972534179688,103.08374786376953,101.0625,101.58802795410156,77.2926025390625,4144045
2006-09-22,101.66887664794922,101.83057403564453,99.12210083007812,100.25399780273438,76.27762603759766,3914682
2006-09-25,100.77952575683594,102.19439697265625,99.6072006225586,102.15397644042969,77.72319793701172,3279579
2006-09-26,102.07312774658203,102.43695068359375,100.57740020751953,100.98165130615234,76.83126068115234,3747730
2006-09-27,100.98165130615234,101.2646255493164,98.79869842529297,99.32422637939453,75.57019805908203,4703550
2006-09-28,99.24337768554688,100.8603744506836,99.24337768554688,100.61782836914062,76.55443572998047,2810934
2006-09-29,100.05187225341797,101.74972534179688,99.84974670410156,101.0625,76.89276885986328,3075127
2006-10-02,99.72847747802734,101.83057403564453,99.72847747802734,101.0625,76.89276885986328,2987508
2006-10-03,100.65824890136719,102.07312774658203,100.29442596435547,101.54759979248047,77.26188659667969,3048139
2006-10-04,101.54759979248047,102.71992492675781,100.8603744506836,102.5582275390625,78.03077697753906,4055782
2006-10-05,102.39652252197266,104.09437561035156,101.83057403564453,104.0135269165039,79.13805389404297,3209079
2006-10-06,102.7603530883789,103.8114013671875,102.67949676513672,103.64969635009766,78.86119842529297,3055139
2006-10-09,103.24545288085938,103.64969635009766,102.59864807128906,102.71992492675781,78.15377807617188,1898330
2006-10-10,102.88162231445312,102.92205047607422,101.66887664794922,101.99227142333984,77.60013580322266,3226914
2006-10-11,101.42632293701172,102.03269958496094,99.7688980102539,101.18377685546875,76.98504638671875,4132369
2006-10-12,101.46675109863281,103.7709732055664,100.8603744506836,103.40715026855469,78.67668151855469,4268225
2006-10-13,104.05394744873047,106.3177490234375,103.69012451171875,105.91349792480469,80.58362579345703,5848609
2006-10-16,105.91349792480469,106.19647216796875,102.80077362060547,103.04332733154297,78.39986419677734,5001113
2006-10-17,103.04332733154297,103.04332733154297,98.83912658691406,100.45612335205078,76.43140411376953,13106098
2006-10-18,94.63492584228516,97.99019622802734,94.39237213134766,95.564697265625,72.70979309082031,17046951
2006-10-19,93.98812866210938,95.12002563476562,93.2604751586914,94.83705139160156,72.15618133544922,5777934
2006-10-20,94.83705139160156,96.0093765258789,93.78600311279297,95.44342803955078,72.61754608154297,4461027
2006-10-23,95.24130249023438,96.37319946289062,93.82642364501953,94.27110290527344,71.72554779052734,4681361
2006-10-24,93.66472625732422,95.16045379638672,93.54344940185547,94.43280029296875,71.84858703613281,4054422
2006-10-25,93.86685180664062,95.88809967041016,93.58387756347656,95.24130249023438,72.4637451171875,4668299
2006-10-26,96.0093765258789,96.61575317382812,95.16045379638672,95.3625717163086,72.55599975585938,4421398
2006-10-27,94.63492584228516,94.91790008544922,93.17962646484375,93.66472625732422,71.26421356201172,4540779
2006-10-30,93.34132385253906,94.23067474365234,92.33070373535156,93.42217254638672,71.07969665527344,4258231
2006-10-31,94.02854919433594,94.3115234375,92.53282165527344,93.22004699707031,70.9258804321289,3523983
2006-11-01,93.78600311279297,94.71577453613281,91.92645263671875,92.04772186279297,70.03392028808594,4081657
2006-11-02,91.96687316894531,92.0073013305664,90.22859954833984,91.3604965209961,69.51105499267578,5846877
2006-11-03,91.5626220703125,92.45197296142578,89.86477661132812,90.79454803466797,69.08045196533203,4196685
2006-11-06,90.83497619628906,92.57324981689453,90.552001953125,92.29027557373047,70.21849822998047,5158862
2006-11-07,91.7647476196289,91.80517578125,88.04564666748047,88.61160278320312,67.41957092285156,10995696
2006-11-08,88.12650299072266,89.17755126953125,86.59034729003906,86.79247283935547,66.0355224609375,10832331
2006-11-09,86.87332153320312,87.27757263183594,85.01377868652344,85.70099639892578,65.20507049560547,8560544
2006-11-10,85.70099639892578,86.95417785644531,85.13504791259766,86.42864990234375,65.75869750976562,8329276
2006-11-13,86.7520523071289,87.64140319824219,85.2563247680664,85.57972717285156,65.11279296875,9079951
2006-11-14,86.63077545166016,88.12650299072266,85.57972717285156,87.64140319824219,66.68142700195312,9512307
2006-11-15,87.88394927978516,90.95625305175781,87.72225189208984,89.98605346679688,68.46530151367188,12840247
2006-11-16,90.67327880859375,91.84559631347656,89.86477661132812,91.40092468261719,69.54178619384766,8380087
2006-11-17,90.87539672851562,91.3604965209961,90.22859954833984,90.47115325927734,68.83441162109375,5556908
2006-11-20,90.14775085449219,91.32007598876953,89.5009536743164,91.03710174560547,69.2649917602539,4947409
2006-11-21,90.87539672851562,91.27964782714844,88.89457702636719,89.0562744140625,67.75788879394531,5607001
2006-11-22,90.18817138671875,91.15837860107422,89.66265106201172,90.3498764038086,68.74214172363281,3549066
2006-11-24,89.5009536743164,91.15837860107422,89.5009536743164,90.79454803466797,69.08045196533203,1107706
2006-11-27,90.47115325927734,90.47115325927734,87.68182373046875,88.28820037841797,67.17352294921875,5432505
2006-11-28,87.68182373046875,88.12650299072266,86.06482696533203,87.8031005859375,66.80445098876953,6660260
2006-11-29,89.0158462524414,89.298828125,88.40947723388672,88.73287200927734,67.5118408203125,4823451
2006-11-30,88.49032592773438,90.02647399902344,88.32862854003906,89.62222290039062,68.1884994506836,3964255
2006-12-01,89.37967681884766,89.37967681884766,87.47969818115234,88.36904907226562,67.23502349853516,5666518
2006-12-04,87.7626724243164,89.46052551269531,87.7626724243164,88.81372833251953,67.57337188720703,4265232
2006-12-05,89.21797180175781,89.82434844970703,88.61160278320312,89.0158462524414,67.72716522216797,5292369
2006-12-06,88.93499755859375,91.15837860107422,88.36904907226562,88.8541488647461,67.6041030883789,9721905
2006-12-07,88.93499755859375,89.21797180175781,86.46907806396484,86.67120361328125,65.94326782226562,10028670
2006-12-08,86.91374969482422,86.91374969482422,84.97335052490234,85.2563247680664,64.86673736572266,9315053
2006-12-11,85.4988784790039,86.26695251464844,85.0946273803711,85.82227325439453,65.29733276367188,6277650
2006-12-12,85.41802215576172,85.82227325439453,83.72017669677734,84.12442779541016,64.00554656982422,6942808
2006-12-13,83.96272277832031,84.69037628173828,83.23507690429688,83.47762298583984,63.666404724121094,4575139
2006-12-14,83.67974853515625,84.28612518310547,82.99252319335938,83.63932800292969,63.789710998535156,7901200
2006-12-15,84.24569702148438,85.2563247680664,83.5584716796875,83.72017669677734,63.851402282714844,6451231
2006-12-18,83.92230224609375,85.41802215576172,83.43720245361328,83.92230224609375,64.00553894042969,6421323
2006-12-19,82.3457260131836,83.67974853515625,82.3052978515625,82.83082580566406,63.173099517822266,5067681
2006-12-20,82.3457260131836,84.24569702148438,82.18402862548828,82.5074234008789,62.92643356323242,4543006
2006-12-21,82.5074234008789,83.31592559814453,81.53722381591797,82.14360046386719,62.64897918701172,4909017
2006-12-22,82.26487731933594,82.62870025634766,81.57765197753906,81.90104675292969,62.463993072509766,3831614
2006-12-26,81.86062622070312,83.39677429199219,81.86062622070312,82.79039764404297,63.14228439331055,3081831
2006-12-27,83.27549743652344,84.36697387695312,82.99252319335938,83.07337188720703,63.358097076416016,4728139
2006-12-28,83.31592559814453,83.5584716796875,82.7499771118164,83.07337188720703,63.358097076416016,2422115
2006-12-29,82.95210266113281,84.08399963378906,82.87124633789062,83.11380004882812,63.388912200927734,2652987
2007-01-03,83.67974853515625,84.52867126464844,82.79039764404297,83.15422821044922,63.41976547241211,7143871
2007-01-04,82.83082580566406,83.47762298583984,82.1031723022461,83.07337188720703,63.358097076416016,6934719
2007-01-05,73.00755310058594,77.81812286376953,72.76499938964844,76.56494903564453,58.394256591796875,43490909
2007-01-08,76.8479232788086,76.88835144042969,74.62454986572266,75.19049835205078,57.34600830078125,15018528
2007-01-09,75.02880096435547,75.47347259521484,73.77562713623047,73.81604766845703,56.2977180480957,13672430
2007-01-10,73.37137603759766,73.61392211914062,72.96712493896484,73.41179656982422,55.98942184448242,10305232
2007-01-11,73.69477844238281,74.94795227050781,73.20967864990234,73.57350158691406,56.11275100708008,8497514
2007-01-12,73.81604766845703,74.01817321777344,72.36074829101562,72.80542755126953,55.52696990966797,10889796
2007-01-16,73.16925048828125,73.4926528930664,72.80542755126953,73.37137603759766,55.95858383178711,7876116
2007-01-17,73.57350158691406,75.5543212890625,73.20967864990234,74.66497802734375,56.945186614990234,12877650
2007-01-18,75.19049835205078,75.9990005493164,74.70539855957031,75.63517761230469,57.685142517089844,12194533
2007-01-19,75.5947494506836,78.62662506103516,75.15007781982422,77.89897155761719,59.411678314208984,18509957
2007-01-22,78.3436508178711,78.38407135009766,74.66497802734375,75.67559814453125,57.71596908569336,10647965
2007-01-23,75.19049835205078,75.71602630615234,74.38200378417969,74.90752410888672,57.13018035888672,7586098
2007-01-24,74.82667541503906,75.87772369384766,74.58412170410156,75.06922149658203,57.25350570678711,6992727
2007-01-25,75.63517761230469,76.44367218017578,74.86710357666016,75.15007781982422,57.315162658691406,9362672
2007-01-26,74.82667541503906,75.19049835205078,73.61392211914062,74.3011474609375,56.667694091796875,6950897
2007-01-29,74.42242431640625,74.42242431640625,73.2500991821289,74.01817321777344,56.45191955566406,9873766
2007-01-30,78.82875061035156,79.35427856445312,77.69685363769531,79.15215301513672,60.367454528808594,21088534
2007-01-31,79.15215301513672,80.40532684326172,78.3436508178711,80.24362182617188,61.19990158081055,8355745
2007-02-01,80.56702423095703,80.76914978027344,79.15215301513672,80.64787292480469,61.50822448730469,8378306
2007-02-02,80.44574737548828,80.56702423095703,79.87979888916016,80.24362182617188,61.19990158081055,5359184
2007-02-05,79.87979888916016,80.44574737548828,79.47554779052734,80.32447814941406,61.26154327392578,4645690
2007-02-06,80.32447814941406,80.56702423095703,78.78832244873047,79.7585220336914,60.82991027832031,9557798
2007-02-07,80.44574737548828,80.48617553710938,79.8393783569336,80.48617553710938,61.38489532470703,5922696
2007-02-08,79.7585220336914,80.56702423095703,79.23300170898438,80.28404998779297,61.230716705322266,5866865
2007-02-09,80.40532684326172,80.44574737548828,78.66705322265625,79.11172485351562,60.33662414550781,5654917
2007-02-12,78.86917877197266,79.27342224121094,76.96920013427734,77.37345123291016,59.01087188720703,6584366
2007-02-13,77.2521743774414,78.30322265625,77.21174621582031,78.18195343017578,59.62751388549805,4781694
2007-02-14,78.42449951171875,78.5457763671875,77.53514862060547,77.65642547607422,59.2266960144043,6002573
2007-02-15,77.81812286376953,78.3436508178711,77.00962829589844,77.77770233154297,59.319175720214844,9736005
2007-02-16,77.69685363769531,78.62662506103516,77.33302307128906,77.85855102539062,59.380863189697266,5853680
2007-02-20,77.41387176513672,77.4947280883789,76.76707458496094,77.4947280883789,59.10338592529297,4199629
2007-02-21,76.60537719726562,76.8479232788086,75.796875,76.40325164794922,58.27093505859375,5181200
2007-02-22,76.48410034179688,77.21174621582031,76.36282348632812,76.64579772949219,58.455928802490234,4175758
2007-02-23,76.60537719726562,77.57557678222656,76.28197479248047,77.41387176513672,59.041690826416016,4782882
2007-02-26,77.85855102539062,78.06067657470703,77.17132568359375,77.81812286376953,59.35000991821289,4711020
2007-02-27,76.64579772949219,76.88835144042969,73.77562713623047,75.19049835205078,57.34600830078125,8525467
2007-02-28,75.23092651367188,75.67559814453125,74.3011474609375,74.86710357666016,57.09933090209961,5273173
2007-03-01,75.15007781982422,77.4947280883789,74.17987823486328,76.12027740478516,58.05513000488281,10737341
2007-03-02,75.8373031616211,77.0904769897461,75.02880096435547,75.35220336914062,57.46930694580078,6077229
2007-03-05,74.5032730102539,75.5543212890625,73.89689636230469,74.78624725341797,57.03770446777344,5336153
2007-03-06,75.91815185546875,76.72664642333984,75.39262390136719,76.16069793701172,58.085914611816406,4642127
2007-03-07,75.5543212890625,77.17132568359375,75.06922149658203,76.8479232788086,58.61006546020508,11476289
2007-03-08,77.33302307128906,77.57557678222656,74.98837280273438,75.31177520751953,57.43849182128906,9108225
2007-03-09,75.7564468383789,75.796875,73.93732452392578,74.66497802734375,56.945186614990234,6802400
2007-03-12,74.62454986572266,76.24154663085938,74.17987823486328,74.94795227050781,57.16102981567383,12056178
2007-03-13,74.46285247802734,74.94795227050781,73.57350158691406,73.73519897460938,56.388153076171875,8458899
2007-03-14,73.81604766845703,74.5032730102539,73.41179656982422,74.38200378417969,56.88277053833008,7089128
2007-03-15,73.93732452392578,74.543701171875,73.69477844238281,74.05860137939453,56.635459899902344,3819468
2007-03-16,74.13945007324219,74.17987823486328,73.45222473144531,73.53307342529297,56.233543395996094,7534966
2007-03-19,73.73519897460938,74.3011474609375,73.57350158691406,73.93732452392578,56.5427131652832,6234508
2007-03-20,73.61392211914062,76.52452850341797,73.4926528930664,76.07984924316406,58.181175231933594,10541546
2007-03-21,75.7564468383789,76.40325164794922,74.01817321777344,75.7564468383789,57.933868408203125,10142857
2007-03-22,71.8352279663086,72.40117645263672,70.5416259765625,70.7437515258789,54.100486755371094,47171626
2007-03-23,71.43097686767578,72.40117645263672,71.02672576904297,71.7543716430664,54.873329162597656,14273296
2007-03-26,71.55225372314453,72.64372253417969,71.47139739990234,72.40117645263672,55.36798095703125,8205170
2007-03-27,72.68415069580078,72.68415069580078,71.71395111083984,71.8352279663086,54.93517303466797,9186988
2007-03-28,71.55225372314453,72.48202514648438,71.43097686767578,71.67352294921875,54.811492919921875,8135857
2007-03-29,71.71395111083984,72.11820220947266,71.30970001220703,71.5926742553711,54.74966049194336,10400668
2007-03-30,71.51182556152344,71.87564849853516,71.22885131835938,71.43097686767578,54.62601089477539,9538973
2007-04-02,71.14800262451172,71.71395111083984,70.66290283203125,70.98629760742188,54.28596496582031,9110006
2007-04-03,71.14800262451172,71.63310241699219,70.82460021972656,71.43097686767578,54.62601089477539,6627755
2007-04-04,71.8352279663086,72.32032775878906,71.47139739990234,71.63310241699219,54.78059768676758,5512554
2007-04-05,71.63310241699219,72.037353515625,70.94587707519531,71.10757446289062,54.378719329833984,4503649
2007-04-09,71.26927185058594,71.7543716430664,70.7437515258789,71.35012817382812,54.564205169677734,3924700
2007-04-10,71.63310241699219,71.71395111083984,70.78417205810547,71.47139739990234,54.65694808959961,4062313
2007-04-11,71.55225372314453,71.63310241699219,70.58204650878906,70.70332336425781,54.06953430175781,5167495
2007-04-12,70.5416259765625,70.86502838134766,70.05652618408203,70.82460021972656,54.16230392456055,6017835
2007-04-13,71.51182556152344,71.8352279663086,70.46077728271484,71.71395111083984,54.84241485595703,4624119
2007-04-16,71.7543716430664,72.11820220947266,71.35012817382812,72.037353515625,55.0897331237793,4652294
2007-04-17,71.91607666015625,73.0884017944336,71.71395111083984,72.56287384033203,55.49161911010742,7465949
2007-04-18,73.37137603759766,74.543701171875,72.80542755126953,73.65435028076172,56.326316833496094,10094125
2007-04-19,73.45222473144531,74.3011474609375,72.88627624511719,73.0884017944336,55.89348602294922,9652814
2007-04-20,73.61392211914062,73.77562713623047,72.92669677734375,73.61392211914062,56.29539108276367,6244725
2007-04-23,73.65435028076172,73.89689636230469,72.23947143554688,72.32032775878906,55.30613327026367,5647792
2007-04-24,72.48202514648438,72.92669677734375,71.14800262451172,71.30970001220703,54.53327941894531,8844527
2007-04-25,72.60330200195312,73.2500991821289,72.037353515625,72.40117645263672,55.36798095703125,11455238
2007-04-26,72.40117645263672,72.64372253417969,71.47139739990234,72.36074829101562,55.337039947509766,6509784
2007-04-27,72.36074829101562,72.52245330810547,70.82460021972656,71.02672576904297,54.31689453125,8145281
2007-04-30,70.94587707519531,71.26927185058594,70.01609802246094,70.05652618408203,53.57491683959961,5693309
2007-05-01,70.3395004272461,71.51182556152344,70.17780303955078,70.58204650878906,53.976806640625,10539889
2007-05-02,70.82460021972656,71.5926742553711,70.7437515258789,70.98629760742188,54.28596496582031,8811899
2007-05-03,71.02672576904297,72.15862274169922,70.82460021972656,71.67352294921875,54.811492919921875,11319901
2007-05-04,72.27989959716797,73.73519897460938,72.15862274169922,73.0884017944336,55.89348602294922,10010860
2007-05-07,73.57350158691406,73.57350158691406,71.87564849853516,73.0884017944336,55.89348602294922,11066939
2007-05-08,71.30970001220703,72.32032775878906,71.26927185058594,71.55225372314453,54.71876907348633,11341744
2007-05-09,71.55225372314453,72.72457122802734,71.55225372314453,72.36074829101562,55.337039947509766,7104539
2007-05-10,72.32032775878906,73.57350158691406,72.19905090332031,72.56287384033203,55.49161911010742,7819394
2007-05-11,72.64372253417969,74.22029876708984,72.64372253417969,74.05860137939453,56.635459899902344,6180977
2007-05-14,74.58412170410156,74.90752410888672,72.64372253417969,73.41179656982422,56.14082336425781,10387434
2007-05-15,73.37137603759766,73.73519897460938,71.95649719238281,72.44159698486328,55.39888000488281,8904712
2007-05-16,73.0884017944336,73.65435028076172,72.68415069580078,73.65435028076172,56.326316833496094,5865578
2007-05-17,73.85647583007812,75.796875,73.53307342529297,75.19049835205078,57.50107955932617,10382684
2007-05-18,75.87772369384766,75.95857238769531,74.62454986572266,75.95857238769531,58.08844757080078,7364106
2007-05-21,75.95857238769531,77.53514862060547,75.63517761230469,76.40325164794922,58.42851257324219,11905306
2007-05-22,76.8479232788086,76.8479232788086,75.43305206298828,76.48410034179688,58.49034881591797,4611899
2007-05-23,76.28197479248047,76.40325164794922,75.31177520751953,75.51390075683594,57.74839782714844,4876017
2007-05-24,75.5947494506836,75.67559814453125,73.4926528930664,73.81604766845703,56.449954986572266,8979369
2007-05-25,74.05860137939453,75.02880096435547,73.77562713623047,74.3415756225586,56.85184860229492,5583698
2007-05-29,74.94795227050781,75.19049835205078,73.37137603759766,73.97775268554688,56.57365798950195,4625405
2007-05-30,73.57350158691406,74.26072692871094,73.2500991821289,73.89689636230469,56.51180648803711,5927223
2007-05-31,74.58412170410156,74.58412170410156,72.68415069580078,73.53307342529297,56.233543395996094,10395968
2007-06-01,73.97775268554688,74.543701171875,73.65435028076172,74.22029876708984,56.759117126464844,5481806
2007-06-04,74.543701171875,75.06922149658203,73.81604766845703,73.97775268554688,56.57365798950195,5627706
2007-06-05,73.77562713623047,74.543701171875,73.77562713623047,74.01817321777344,56.604576110839844,6391985
2007-06-06,73.69477844238281,73.85647583007812,73.20967864990234,73.29052734375,56.048099517822266,4164082
2007-06-07,73.20967864990234,73.4926528930664,71.47139739990234,71.51182556152344,54.687835693359375,7227631
2007-06-08,71.71395111083984,72.68415069580078,71.06714630126953,72.32032775878906,55.30613327026367,8758244
2007-06-11,72.07777404785156,72.56287384033203,71.35012817382812,71.9969253540039,55.05881118774414,4329722
2007-06-12,71.43097686767578,72.48202514648438,71.18842315673828,71.8352279663086,54.93517303466797,6961435
2007-06-13,71.95649719238281,73.16925048828125,71.91607666015625,73.0479736328125,56.020225524902344,7061620
2007-06-14,72.92669677734375,74.17987823486328,72.80542755126953,73.85647583007812,56.64027786254883,6370414
2007-06-15,74.38200378417969,74.38200378417969,73.65435028076172,74.17987823486328,56.888267517089844,9526753
2007-06-18,74.17987823486328,74.42242431640625,73.0884017944336,73.29052734375,56.20624923706055,5078615
2007-06-19,72.80542755126953,73.20967864990234,72.52245330810547,73.0884017944336,56.051212310791016,5848040
2007-06-20,73.2500991821289,73.65435028076172,72.32032775878906,72.40117645263672,55.52418899536133,6764131
2007-06-21,72.40117645263672,73.61392211914062,72.15862274169922,73.37137603759766,56.268226623535156,7117774
2007-06-22,72.88627624511719,73.45222473144531,72.32032775878906,72.32032775878906,55.46220016479492,5569944
2007-06-25,72.40117645263672,72.92669677734375,71.63310241699219,72.037353515625,55.245182037353516,5889549
2007-06-26,72.19905090332031,72.92669677734375,71.63310241699219,71.91607666015625,55.15217971801758,6698776
2007-06-27,71.87564849853516,72.40117645263672,71.63310241699219,72.037353515625,55.245182037353516,4371651
2007-06-28,71.95649719238281,72.48202514648438,71.63310241699219,72.07777404785156,55.27616882324219,3774521
2007-06-29,72.23947143554688,72.27989959716797,71.18842315673828,71.55225372314453,54.87315368652344,6041905
2007-07-02,71.35012817382812,72.19905090332031,71.26927185058594,72.11820220947266,55.307186126708984,5034038
2007-07-03,72.15862274169922,72.40117645263672,71.95649719238281,72.27989959716797,55.431182861328125,2825455
2007-07-05,72.11820220947266,72.23947143554688,71.35012817382812,71.95649719238281,55.183162689208984,4311020
2007-07-06,71.5926742553711,72.76499938964844,71.55225372314453,72.11820220947266,55.307186126708984,4837996
2007-07-09,72.48202514648438,72.48202514648438,71.87564849853516,71.95649719238281,55.183162689208984,4691775
2007-07-10,71.7543716430664,71.95649719238281,70.98629760742188,71.22885131835938,54.625160217285156,5350204
2007-07-11,71.14800262451172,73.16925048828125,70.98629760742188,72.56287384033203,55.648189544677734,10279827
2007-07-12,72.32032775878906,73.0884017944336,71.51182556152344,73.0884017944336,56.051212310791016,13363340
2007-07-13,72.64372253417969,72.76499938964844,71.91607666015625,72.36074829101562,55.493186950683594,7564947
2007-07-16,72.92669677734375,73.97775268554688,72.76499938964844,73.41179656982422,56.29924392700195,8306642
2007-07-17,73.20967864990234,73.77562713623047,72.52245330810547,72.52245330810547,55.61720657348633,5586271
2007-07-18,72.11820220947266,73.00755310058594,71.91607666015625,72.76499938964844,55.803199768066406,5522993
2007-07-19,73.77562713623047,74.0990219116211,73.20967864990234,73.65435028076172,56.485252380371094,6731429
2007-07-20,73.16925048828125,73.57350158691406,71.95649719238281,72.56287384033203,55.648189544677734,6555003
2007-07-23,72.76499938964844,73.0884017944336,71.9969253540039,72.07777404785156,55.27616882324219,5615461
2007-07-24,71.71395111083984,72.36074829101562,71.26927185058594,71.5926742553711,54.90414047241211,7378553
2007-07-25,71.7543716430664,71.87564849853516,71.10757446289062,71.47139739990234,54.811153411865234,4935139
2007-07-26,70.98629760742188,71.30970001220703,68.92462158203125,70.13737487792969,53.78809356689453,12199951
2007-07-27,69.85440063476562,70.05652618408203,68.52037811279297,68.52037811279297,52.54802322387695,11629858
2007-07-30,69.12674713134766,69.32887268066406,68.19697570800781,68.60122680664062,52.61003494262695,8455238
2007-07-31,68.88420104980469,69.16717529296875,67.792724609375,68.68207550048828,52.672019958496094,8255139
2007-08-01,67.9948501586914,68.68207550048828,66.21614837646484,67.46932220458984,51.74197769165039,11173210
2007-08-02,67.87357330322266,68.60122680664062,67.50975036621094,68.27782440185547,52.362030029296875,7111589
2007-08-03,67.9948501586914,68.39910125732422,66.0948715209961,66.0948715209961,50.68791580200195,5436166
2007-08-06,66.2969970703125,66.98422241210938,64.72042846679688,66.82252502441406,51.24595260620117,9904564
2007-08-07,66.13529968261719,67.14592742919922,65.4885025024414,66.53955078125,51.0289421081543,6133383
2007-08-08,66.70124816894531,69.12674713134766,66.21614837646484,69.12674713134766,53.013038635253906,8789635
2007-08-09,67.91400146484375,69.65227508544922,67.71187591552734,67.95442199707031,52.1140022277832,9932938
2007-08-10,66.98422241210938,67.7522964477539,65.89275360107422,67.14592742919922,51.49397659301758,6420754
2007-08-13,67.91400146484375,68.68207550048828,66.90337371826172,68.11612701416016,52.237998962402344,5485170
2007-08-14,68.47994995117188,69.00547790527344,66.7416763305664,66.7416763305664,51.183937072753906,5301744
2007-08-15,66.37785339355469,66.82252502441406,65.00340270996094,65.52892303466797,50.25387191772461,7624564
2007-08-16,65.0438232421875,65.52892303466797,63.103424072265625,64.92254638671875,49.78886413574219,9607545
2007-08-17,66.66082763671875,66.70124816894531,64.72042846679688,65.93317413330078,50.56393051147461,6282771
2007-08-20,65.77147674560547,66.98422241210938,65.52892303466797,65.97360229492188,50.594913482666016,4418998
2007-08-21,65.93317413330078,66.82252502441406,65.4885025024414,66.45870208740234,50.9669303894043,5305578
2007-08-22,67.10549926757812,67.46932220458984,66.3374252319336,66.86295318603516,51.27695846557617,4033840
2007-08-23,67.02465057373047,67.34805297851562,66.62039947509766,67.10549926757812,51.46295166015625,3733482
2007-08-24,66.86295318603516,67.67144775390625,66.7416763305664,67.67144775390625,51.896995544433594,4995300
2007-08-27,67.67144775390625,68.0352783203125,67.22677612304688,67.38847351074219,51.67998123168945,3936500
2007-08-28,67.22677612304688,67.22677612304688,65.12467193603516,65.36722564697266,50.1298828125,4410860
2007-08-29,65.60977172851562,66.57997131347656,65.32679748535156,66.57997131347656,51.0599365234375,3689004
2007-08-30,67.63102722167969,68.8437728881836,67.38847351074219,67.71187591552734,51.927974700927734,5782214
2007-08-31,68.39910125732422,69.0458984375,68.15654754638672,68.52037811279297,52.54802322387695,3914632
2007-09-04,69.00547790527344,70.299072265625,68.23739624023438,69.53099822998047,53.32305145263672,5360297
2007-09-05,69.20760345458984,70.3395004272461,69.12674713134766,69.4905776977539,53.29206848144531,4553643
2007-09-06,69.4905776977539,70.7437515258789,69.16717529296875,70.42034912109375,54.00511932373047,4953939
2007-09-07,69.45014953613281,71.71395111083984,68.76292419433594,69.2480239868164,53.106056213378906,7419023
2007-09-10,69.93524932861328,70.13737487792969,68.39910125732422,68.80335235595703,52.765037536621094,5255238
2007-09-11,69.00547790527344,70.5416259765625,68.8437728881836,69.97567749023438,53.664085388183594,4753915
2007-09-12,69.40972137451172,70.3395004272461,69.2480239868164,69.69270324707031,53.6019172668457,5506370
2007-09-13,69.65227508544922,69.93524932861328,68.56079864501953,69.4905776977539,53.446449279785156,4905083
2007-09-14,68.80335235595703,69.20760345458984,68.15654754638672,68.60122680664062,52.762454986572266,4189041
2007-09-17,68.39910125732422,68.60122680664062,67.55017852783203,68.0352783203125,52.32715606689453,3844824
2007-09-18,68.43952178955078,69.73312377929688,67.42890167236328,69.65227508544922,53.5708122253418,4816772
2007-09-19,69.93524932861328,70.90544891357422,69.77355194091797,70.13737487792969,53.94391632080078,5108547
2007-09-20,70.94587707519531,72.56287384033203,70.94587707519531,72.037353515625,55.40523147583008,7276388
2007-09-21,72.44159698486328,72.76499938964844,71.51182556152344,72.32032775878906,55.622859954833984,4825925
2007-09-24,72.76499938964844,73.77562713623047,72.68415069580078,72.96712493896484,56.120338439941406,5460458
2007-09-25,72.88627624511719,75.796875,72.76499938964844,75.27134704589844,57.8925666809082,10471416
2007-09-26,75.87772369384766,76.20112609863281,74.78624725341797,75.67559814453125,58.203453063964844,6617588
2007-09-27,75.796875,76.32240295410156,74.94795227050781,75.5543212890625,58.110164642333984,3802870
2007-09-28,75.19049835205078,75.39262390136719,73.16925048828125,74.90752410888672,57.61272430419922,5066221
2007-10-01,74.78624725341797,76.20112609863281,74.58412170410156,75.91815185546875,58.38999557495117,4295213
2007-10-02,75.7564468383789,75.9990005493164,74.94795227050781,75.67559814453125,58.203453063964844,3273222
2007-10-03,75.19049835205078,76.52452850341797,75.10964965820312,75.91815185546875,58.38999557495117,5038986
2007-10-04,75.67559814453125,76.32240295410156,75.35220336914062,75.91815185546875,58.38999557495117,3593445
2007-10-05,76.36282348632812,76.48410034179688,75.7564468383789,76.0394287109375,58.48331069946289,3487965
2007-10-08,75.9990005493164,75.9990005493164,75.23092651367188,75.71602630615234,58.23455047607422,1959258
2007-10-09,75.8373031616211,75.8373031616211,73.77562713623047,75.71602630615234,58.23455047607422,4446605
2007-10-10,75.43305206298828,75.7564468383789,74.70539855957031,75.5947494506836,58.14128875732422,3081509
2007-10-11,75.91815185546875,77.37345123291016,75.71602630615234,76.36282348632812,58.732017517089844,5458108
2007-10-12,76.52452850341797,77.77770233154297,76.20112609863281,77.33302307128906,59.47820281982422,3545776
2007-10-15,78.22237396240234,78.58619689941406,77.41387176513672,78.18195343017578,60.131141662597656,5260111
2007-10-16,77.0904769897461,78.14152526855469,77.00962829589844,77.45429992675781,59.571475982666016,5965640
2007-10-17,78.26280212402344,78.30322265625,77.050048828125,78.02024841308594,60.00675582885742,4479579
2007-10-18,77.77770233154297,78.42449951171875,77.45429992675781,78.06067657470703,60.03786087036133,2546345
2007-10-19,77.69685363769531,77.81812286376953,75.15007781982422,75.5947494506836,58.14128875732422,5983476
2007-10-22,74.86710357666016,75.91815185546875,74.42242431640625,75.87772369384766,58.35889434814453,4689994
2007-10-23,75.9990005493164,76.80750274658203,75.47347259521484,76.60537719726562,58.91856384277344,3102659
2007-10-24,76.44367218017578,76.68622589111328,73.20967864990234,74.98837280273438,57.67491149902344,7125665
2007-10-25,77.69685363769531,79.556396484375,77.13089752197266,78.02024841308594,60.00675582885742,9945826
2007-10-26,78.70747375488281,79.15215301513672,76.80750274658203,77.77770233154297,59.8202018737793,5068176
2007-10-29,77.41387176513672,77.41387176513672,75.87772369384766,76.60537719726562,58.91856384277344,5449895
2007-10-30,76.52452850341797,77.13089752197266,75.23092651367188,75.5947494506836,58.14128875732422,3570934
2007-10-31,75.87772369384766,76.32240295410156,74.98837280273438,75.95857238769531,58.42111587524414,3509437
2007-11-01,75.15007781982422,75.8373031616211,72.8458480834961,72.96712493896484,56.120338439941406,5971528
2007-11-02,73.20967864990234,73.33094787597656,71.87564849853516,72.56287384033203,55.80939865112305,4420161
2007-11-05,71.7543716430664,72.76499938964844,70.5011978149414,71.5926742553711,55.06321334838867,4708472
2007-11-06,71.7543716430664,72.40117645263672,70.7437515258789,71.71395111083984,55.156490325927734,3803958
2007-11-07,70.299072265625,71.43097686767578,68.76292419433594,68.80335235595703,52.917884826660156,6397823
2007-11-08,69.93524932861328,69.93524932861328,66.53955078125,68.72250366210938,52.855709075927734,6842993
2007-11-09,67.9948501586914,67.9948501586914,65.93317413330078,66.62039947509766,51.23893737792969,5259913
2007-11-12,65.69062805175781,67.46932220458984,65.69062805175781,66.25657653808594,50.95912551879883,4197724
2007-11-13,66.66082763671875,68.39910125732422,66.45870208740234,68.27782440185547,52.513694763183594,4177786
2007-11-14,68.8437728881836,68.92462158203125,66.78209686279297,67.26719665527344,51.736427307128906,4024292
2007-11-15,66.94380187988281,68.0352783203125,66.0948715209961,66.53955078125,51.17676544189453,3560693
2007-11-16,66.86295318603516,67.30762481689453,66.05445098876953,67.14592742919922,51.64314270019531,3569524
2007-11-19,66.7416763305664,66.7416763305664,64.35659790039062,64.8416976928711,49.87092590332031,6208658
2007-11-20,64.92254638671875,65.60977172851562,62.09280014038086,63.7906494140625,49.062530517578125,6238590
2007-11-21,62.49705123901367,63.0629997253418,61.243873596191406,61.97152328491211,47.663414001464844,5159159
2007-11-23,62.25450134277344,63.588523864746094,61.082176208496094,63.50767517089844,48.84489059448242,2192158
2007-11-26,63.38639831542969,63.871498107910156,61.56727600097656,61.60770034790039,47.38359069824219,5088559
2007-11-27,61.8098258972168,62.335350036621094,60.111976623535156,61.97152328491211,47.663414001464844,6305974
2007-11-28,62.294925689697266,64.033203125,60.88005065917969,62.90129852294922,48.37851333618164,8886778
2007-11-29,62.57789993286133,63.75022506713867,62.456626892089844,63.2651252746582,48.658355712890625,4985306
2007-11-30,65.85232543945312,65.89275360107422,63.30554962158203,64.55872344970703,49.65327453613281,8283018
2007-12-03,63.75022506713867,64.27574920654297,61.89067459106445,62.37577438354492,47.97432327270508,6571899
2007-12-04,61.89067459106445,63.50767517089844,61.526851654052734,63.34597396850586,48.72053146362305,6062387
2007-12-05,63.992774963378906,64.47787475585938,63.2651252746582,63.669376373291016,48.96927261352539,5445665
2007-12-06,63.709800720214844,66.01402282714844,63.224700927734375,65.93317413330078,50.710391998291016,6289400
2007-12-07,66.17572784423828,66.17572784423828,64.72042846679688,65.89275360107422,50.67929458618164,3701645
2007-12-10,65.93317413330078,66.62039947509766,65.36722564697266,66.62039947509766,51.23893737792969,4110600
2007-12-11,66.41827392578125,67.50975036621094,65.16510009765625,65.40765380859375,50.30620193481445,4789215
2007-12-12,65.89275360107422,66.98422241210938,64.51830291748047,65.44807434082031,50.49332809448242,4845566
2007-12-13,65.00340270996094,66.13529968261719,64.59915161132812,65.56935119628906,50.58688735961914,4328683
2007-12-14,65.12467193603516,65.56935119628906,64.59915161132812,64.68000030517578,49.90074920654297,4294298
2007-12-17,64.27574920654297,64.76084899902344,63.91192626953125,64.27574920654297,49.58887481689453,4328584
2007-12-18,64.59915161132812,65.69062805175781,64.11405181884766,64.80127716064453,49.99433135986328,5091874
2007-12-19,64.76084899902344,65.36722564697266,64.27574920654297,64.68000030517578,49.90074920654297,3258726
2007-12-20,65.00340270996094,65.286376953125,64.59915161132812,65.20552825927734,50.30620193481445,2875399
2007-12-21,65.81189727783203,66.3374252319336,65.32679748535156,65.89275360107422,50.83638000488281,5165195
2007-12-24,65.77147674560547,66.3374252319336,65.4885025024414,66.0948715209961,50.992332458496094,1181991
2007-12-26,65.56935119628906,67.22677612304688,65.36722564697266,66.94380187988281,51.64728927612305,2879382
2007-12-27,66.13529968261719,66.90337371826172,65.89275360107422,66.05445098876953,50.96115493774414,2412220
2007-12-28,66.2969970703125,66.3374252319336,65.2459487915039,65.81189727783203,50.77402114868164,2993915
2007-12-31,65.4885025024414,65.52892303466797,64.68000030517578,64.8416976928711,50.02550506591797,3628621
2008-01-02,64.72042846679688,65.286376953125,63.992774963378906,64.96297454833984,50.11906814575195,5595077
2008-01-03,65.0842514038086,65.4885025024414,64.55872344970703,64.88212585449219,50.05668640136719,6970291
2008-01-04,63.42682647705078,63.46725082397461,60.19282531738281,60.920475006103516,47.00027847290039,9988176
2008-01-07,61.16302490234375,61.16302490234375,59.667301177978516,60.55664825439453,46.71958923339844,7394212
2008-01-08,60.71834945678711,61.64812469482422,59.78857421875,60.031124114990234,46.31414794921875,5860309
2008-01-09,60.27367401123047,60.43537521362305,58.0098762512207,59.78857421875,46.127017974853516,6134100
2008-01-10,59.222625732421875,60.71834945678711,58.81837463378906,60.35452651977539,46.563636779785156,5548200
2008-01-11,59.667301177978516,60.07154846191406,58.777950286865234,59.18220138549805,45.65918731689453,3690439
2008-01-14,59.546024322509766,60.475799560546875,58.656673431396484,59.0609245300293,45.565643310546875,5028497
2008-01-15,58.454551696777344,58.69710159301758,57.44392395019531,57.848175048828125,44.62999725341797,4858306
2008-01-16,56.75669860839844,58.0098762512207,56.43330001831055,56.63542556762695,43.694339752197266,7722597
2008-01-17,56.67584991455078,57.039676666259766,54.04822540283203,54.20992660522461,41.823081970214844,7622758
2008-01-18,54.97800064086914,55.34182357788086,52.99717330932617,53.88652420043945,41.573577880859375,6936722
2008-01-22,49.358924865722656,49.92487335205078,46.69087600708008,49.8036003112793,38.42359161376953,21844552
2008-01-23,41.27392578125,43.13347625732422,38.12077331542969,40.465423583984375,31.21915626525879,41402350
2008-01-24,40.99095153808594,42.04199981689453,40.101600646972656,40.950523376464844,31.593420028686523,21714162
2008-01-25,41.75902557373047,43.86112594604492,41.43562316894531,43.37602615356445,33.46469497680664,11921831
2008-01-28,43.537723541259766,45.55897521972656,43.335601806640625,45.43769836425781,35.05528259277344,11389338
2008-01-29,45.63982391357422,47.01427459716797,45.23557662963867,45.72067642211914,35.27360916137695,7063649
2008-01-30,45.43769836425781,47.37810134887695,45.31642532348633,45.63982391357422,35.21122360229492,6983871
2008-01-31,45.073875427246094,47.095123291015625,44.79090118408203,46.48875045776367,35.86616516113281,7419839
2008-02-01,52.148250579833984,52.43122482299805,50.40997314453125,51.29932403564453,39.57752990722656,15810093
2008-02-04,50.57167434692383,50.895076751708984,48.99509811401367,49.399349212646484,38.111698150634766,7458503
2008-02-05,48.63127517700195,48.63127517700195,46.48875045776367,46.5291748046875,35.89736557006836,7802449
2008-02-06,46.97385025024414,47.0546989440918,45.19514846801758,46.36747360229492,35.772605895996094,7583080
2008-02-07,46.0036506652832,46.893001556396484,45.59939956665039,46.16535186767578,35.616668701171875,6181818
2008-02-08,45.88237380981445,46.48875045776367,45.31642532348633,45.518550872802734,35.1176643371582,8445690
2008-02-11,46.08449935913086,47.41852569580078,45.841949462890625,46.771724700927734,36.084495544433594,6801138
2008-02-12,46.97385025024414,47.539798736572266,46.286624908447266,46.731300354003906,36.05329895019531,6478194
2008-02-13,47.13555145263672,47.701499938964844,46.56959915161133,47.41852569580078,36.583499908447266,5110996
2008-02-14,47.539798736572266,48.18659973144531,46.48875045776367,46.5291748046875,35.89736557006836,5294768
2008-02-15,46.08449935913086,46.407901763916016,45.356849670410156,45.59939956665039,35.18003845214844,8367495
2008-02-19,46.08449935913086,46.24620056152344,45.31642532348633,45.63982391357422,35.21122360229492,6389437
2008-02-20,45.19514846801758,46.327049255371094,44.99302673339844,46.327049255371094,35.74142074584961,4420829
2008-02-21,46.407901763916016,46.731300354003906,45.478126525878906,45.59939956665039,35.18003845214844,3517353
2008-02-22,45.68024826049805,46.12492370605469,44.87174987792969,45.92279815673828,35.429542541503906,9267409
2008-02-25,44.99302673339844,45.356849670410156,43.94197463989258,45.11429977416992,34.80577850341797,7265826
2008-02-26,44.83132553100586,45.11429977416992,44.18452453613281,44.5079231262207,34.33796310424805,7449499
2008-02-27,44.38665008544922,44.467498779296875,43.86112594604492,43.982398986816406,33.932518005371094,4909635
2008-02-28,43.73984909057617,43.94197463989258,41.7994499206543,42.04199981689453,32.43548583984375,10338578
2008-02-29,41.67817687988281,41.839874267578125,39.73777389526367,40.30372619628906,31.094406127929688,12987582
2008-03-03,40.62712478637695,40.62712478637695,39.2526741027832,39.656925201416016,30.59540557861328,9870155
2008-03-04,39.212249755859375,40.263301849365234,38.36332321166992,40.142024993896484,30.969655990600586,13060631
2008-03-05,40.7484016418457,40.82925033569336,39.85905075073242,40.50585174560547,31.250350952148438,7308324
2008-03-06,40.82925033569336,40.82925033569336,40.142024993896484,40.18244934082031,31.000844955444336,6192183
2008-03-07,39.93989944458008,40.50585174560547,38.92927551269531,39.697349548339844,30.626583099365234,6634805
2008-03-10,39.818626403808594,40.38457489013672,38.48460006713867,38.56544876098633,29.753320693969727,5191614
2008-03-11,39.0505485534668,40.465423583984375,38.92927551269531,40.465423583984375,31.21915626525879,5919357
2008-03-12,40.34415054321289,42.0015754699707,40.22287368774414,40.465423583984375,31.375873565673828,5780334
2008-03-13,39.7781982421875,40.30372619628906,38.68672561645508,39.85905075073242,30.90572166442871,4413952
2008-03-14,40.5462760925293,40.586700439453125,38.403751373291016,38.605873107910156,29.93402862548828,5673717
2008-03-17,37.63567352294922,38.5250244140625,36.86759948730469,37.393123626708984,28.993698120117188,8181719
2008-03-18,38.03992462158203,39.535648345947266,37.7973747253418,39.37395095825195,30.529571533203125,7051156
2008-03-19,39.49522399902344,39.61650085449219,37.71652603149414,37.71652603149414,29.244464874267578,5827434
2008-03-20,37.75695037841797,38.16120147705078,36.30165100097656,37.393123626708984,28.993698120117188,8711218
2008-03-24,37.91865158081055,39.656925201416016,37.59524917602539,39.17182540893555,30.372844696044922,5009004
2008-03-25,39.49522399902344,39.89947509765625,38.282474517822266,39.45479965209961,30.592269897460938,4845813
2008-03-26,41.63774871826172,41.839874267578125,39.61650085449219,40.50585174560547,31.4072322845459,14728386
2008-03-27,40.020748138427734,40.06117630004883,37.9995002746582,38.403751373291016,29.777315139770508,8300680
2008-03-28,38.68672561645508,38.80799865722656,37.11014938354492,37.23142623901367,28.868322372436523,5757180
2008-03-31,37.23142623901367,37.91865158081055,36.78675079345703,37.59524917602539,29.150413513183594,4971750
2008-04-01,38.403751373291016,38.96969985961914,37.837799072265625,38.282474517822266,29.683277130126953,8656549
2008-04-02,38.282474517822266,38.92927551269531,37.7973747253418,38.848426818847656,30.12210464477539,5635028
2008-04-03,38.282474517822266,39.656925201416016,37.7973747253418,39.49522399902344,30.623615264892578,5620878
2008-04-04,39.49522399902344,39.49522399902344,38.403751373291016,39.09097671508789,30.31016731262207,4419369
2008-04-07,40.30372619628906,40.34415054321289,39.45479965209961,39.7781982421875,30.843029022216797,4229610
2008-04-08,39.57607650756836,39.57607650756836,38.20162582397461,38.36332321166992,29.745960235595703,5437724
2008-04-09,38.48460006713867,38.56544876098633,37.473976135253906,37.63567352294922,29.181764602661133,4457341
2008-04-10,37.59524917602539,37.67610168457031,36.22079849243164,36.82717514038086,28.55487632751465,11934150
2008-04-11,36.34207534790039,37.67610168457031,35.978248596191406,36.5442008972168,28.335458755493164,6407025
2008-04-14,36.584625244140625,36.7463264465332,36.05910110473633,36.22079849243164,28.08470916748047,3736871
2008-04-15,36.5442008972168,36.5442008972168,35.776126861572266,36.30165100097656,28.147390365600586,3428745
2008-04-16,36.7463264465332,37.2718505859375,36.18037414550781,37.191001892089844,28.836971282958984,4168336
2008-04-17,36.30165100097656,36.98887634277344,35.978248596191406,36.584625244140625,28.366809844970703,4108200
2008-04-18,37.59524917602539,38.08034896850586,36.98887634277344,37.393123626708984,28.993698120117188,5460136
2008-04-21,37.191001892089844,37.71652603149414,36.70589828491211,37.63567352294922,29.181764602661133,4280915
2008-04-22,37.514400482177734,37.91865158081055,36.66547393798828,36.98887634277344,28.680252075195312,4155894
2008-04-23,37.11014938354492,38.888851165771484,36.42292404174805,38.605873107910156,29.93402862548828,8546494
2008-04-24,36.908023834228516,38.16120147705078,36.62504959106445,37.393123626708984,28.993698120117188,6056079
2008-04-25,37.514400482177734,37.59524917602539,36.30165100097656,37.352699279785156,28.962350845336914,6260235
2008-04-28,37.191001892089844,38.403751373291016,36.7463264465332,38.24205017089844,29.651935577392578,6806753
2008-04-29,38.282474517822266,40.586700439453125,38.24205017089844,40.42499923706055,31.344524383544922,10861892
2008-04-30,40.66754913330078,40.78882598876953,39.85905075073242,40.263301849365234,31.21915626525879,5673173
2008-05-01,40.263301849365234,40.78882598876953,39.818626403808594,40.70797348022461,31.563932418823242,5028646
2008-05-02,40.66754913330078,41.031375885009766,40.06117630004883,40.5462760925293,31.438573837280273,5053853
2008-05-05,40.38457489013672,40.62712478637695,39.85905075073242,40.020748138427734,31.031084060668945,3801855
2008-05-06,39.93989944458008,41.516475677490234,39.333526611328125,41.476051330566406,32.15949630737305,5347087
2008-05-07,41.839874267578125,41.92072677612305,39.818626403808594,39.980323791503906,30.999753952026367,4788547
2008-05-08,40.5462760925293,40.5462760925293,39.980323791503906,40.101600646972656,31.093791961669922,3117823
2008-05-09,39.212249755859375,40.142024993896484,39.212249755859375,39.45479965209961,30.592269897460938,2785133
2008-05-12,39.61650085449219,40.020748138427734,39.29309844970703,40.020748138427734,31.031084060668945,3248139
2008-05-13,40.101600646972656,40.263301849365234,39.2526741027832,39.49522399902344,30.623615264892578,3520965
2008-05-14,39.93989944458008,40.42499923706055,39.49522399902344,40.020748138427734,31.031084060668945,3787978
2008-05-15,39.818626403808594,41.071800231933594,39.61650085449219,40.950523376464844,31.752017974853516,3927644
2008-05-16,40.5462760925293,41.15264892578125,40.020748138427734,40.70797348022461,31.563932418823242,4104069
2008-05-19,40.62712478637695,41.961151123046875,40.142024993896484,41.23350143432617,31.971435546875,5119951
2008-05-20,41.031375885009766,41.031375885009766,39.535648345947266,39.697349548339844,30.78032875061035,4591293
2008-05-21,39.697349548339844,39.697349548339844,37.75695037841797,37.91865158081055,29.40117073059082,6895189
2008-05-22,38.322898864746094,38.403751373291016,37.2718505859375,37.71652603149414,29.244464874267578,5283636
2008-05-23,37.473976135253906,37.91865158081055,36.78675079345703,36.78675079345703,28.523527145385742,3822115
2008-05-27,37.029300689697266,37.514400482177734,36.463348388671875,37.029300689697266,28.71159553527832,4730118
2008-05-28,37.473976135253906,37.55482482910156,36.70589828491211,37.31227493286133,28.931007385253906,4800000
2008-05-29,37.31227493286133,38.282474517822266,37.15057373046875,37.7973747253418,29.307144165039062,3830476
2008-05-30,37.91865158081055,38.16120147705078,37.59524917602539,37.71652603149414,29.244464874267578,3055782
2008-06-02,37.59524917602539,38.08034896850586,36.463348388671875,36.908023834228516,28.617551803588867,4083785
2008-06-03,37.069725036621094,37.2718505859375,36.38249969482422,36.78675079345703,28.523527145385742,3680124
2008-06-04,36.948448181152344,37.7973747253418,36.463348388671875,37.11014938354492,28.7742919921875,5423500
2008-06-05,36.82717514038086,37.59524917602539,36.584625244140625,37.393123626708984,28.993698120117188,6546073
2008-06-06,36.98887634277344,37.069725036621094,36.0186767578125,36.099525451660156,27.990671157836914,9153544
2008-06-09,36.38249969482422,36.463348388671875,35.654850006103516,36.05910110473633,27.959335327148438,5417885
2008-06-10,36.38249969482422,37.191001892089844,36.18037414550781,36.42292404174805,28.241424560546875,5688262
2008-06-11,36.463348388671875,36.70589828491211,35.93782424926758,35.978248596191406,27.896644592285156,6616129
2008-06-12,36.22079849243164,36.584625244140625,36.0186767578125,36.22079849243164,28.24338150024414,8687396
2008-06-13,36.62504959106445,37.2718505859375,36.42292404174805,36.908023834228516,28.77923583984375,3685591
2008-06-16,36.7463264465332,37.23142623901367,36.463348388671875,36.86759948730469,28.74772834777832,3331008
2008-06-17,36.98887634277344,37.23142623901367,36.18037414550781,36.34207534790039,28.337940216064453,10252566
2008-06-18,36.18037414550781,36.30165100097656,34.401676177978516,34.765499114990234,27.108596801757812,11748893
2008-06-19,34.56337356567383,34.68465042114258,30.763425827026367,32.703826904296875,25.50099754333496,19465603
2008-06-20,32.703826904296875,32.703826904296875,31.652774810791016,32.097450256347656,25.028169631958008,8976599
2008-06-23,30.722999572753906,30.844274520874023,29.510250091552734,30.076200485229492,23.45209312438965,12582511
2008-06-24,29.995349884033203,30.56130027770996,29.510250091552734,29.71237564086914,23.168397903442383,7977539
2008-06-25,29.914499282836914,30.803850173950195,29.793224334716797,30.399599075317383,23.704261779785156,5809326
2008-06-26,30.03577423095703,30.03577423095703,29.34855079650879,29.510250091552734,23.01078224182129,6692863
2008-06-27,29.429399490356445,29.874074935913086,29.106000900268555,29.71237564086914,23.168397903442383,8241138
2008-06-30,29.550674438476562,30.318750381469727,29.308124542236328,29.67194938659668,23.13686752319336,6145900
2008-07-01,29.308124542236328,30.60172462463379,29.146425247192383,29.793224334716797,23.2314395904541,9682622
2008-07-02,30.19747543334961,30.19747543334961,28.90387535095215,28.90387535095215,22.537965774536133,7262263
2008-07-03,29.18684959411621,29.227275848388672,28.540050506591797,28.540050506591797,22.254270553588867,4768732
2008-07-07,28.701749801635742,29.18684959411621,28.41877555847168,28.701749801635742,22.380359649658203,6061200
2008-07-08,28.74217414855957,29.71237564086914,28.459199905395508,29.63152503967285,23.105356216430664,4932072
2008-07-09,29.71237564086914,29.833650588989258,28.78260040283203,28.90387535095215,22.537965774536133,4555894
2008-07-10,28.863449096679688,29.2677001953125,27.5294246673584,28.095375061035156,21.907529830932617,8672579
2008-07-11,27.48900032043457,28.863449096679688,27.367725372314453,28.2570743560791,22.03361701965332,8156512
2008-07-14,29.227275848388672,29.227275848388672,27.44857406616211,27.48900032043457,21.434707641601562,4607050
2008-07-15,26.96347427368164,27.812400817871094,26.761350631713867,27.327299118041992,21.30861473083496,8271268
2008-07-16,27.286874771118164,28.620899200439453,26.923049926757812,28.37834930419922,22.1281795501709,5832752
2008-07-17,28.78260040283203,30.03577423095703,28.135799407958984,29.833650588989258,23.262958526611328,5742189
2008-07-18,29.793224334716797,30.440025329589844,29.308124542236328,30.15704917907715,23.515138626098633,4824242
2008-07-21,30.237899780273438,30.237899780273438,28.74217414855957,29.025150299072266,22.632524490356445,4183327
2008-07-22,28.37834930419922,29.954925537109375,28.2570743560791,29.954925537109375,23.35752296447754,4338157
2008-07-23,29.914499282836914,30.803850173950195,29.63152503967285,30.19747543334961,23.546661376953125,4495758
2008-07-24,30.15704917907715,30.19747543334961,28.701749801635742,28.90387535095215,22.537965774536133,4160717
2008-07-25,29.106000900268555,29.591100692749023,28.90387535095215,29.308124542236328,22.853178024291992,5390625
2008-07-28,29.793224334716797,29.793224334716797,28.33792495727539,28.620899200439453,22.31730842590332,5533259
2008-07-29,28.661325454711914,30.359174728393555,28.499624252319336,30.359174728393555,23.67274284362793,6066395
2008-07-30,30.359174728393555,31.167675018310547,29.63152503967285,31.04640007019043,24.2086124420166,6659493
2008-07-31,34.07827377319336,35.73569869995117,32.38042449951172,34.92720031738281,27.23469352722168,23899344
2008-08-01,35.57400131225586,35.816551208496094,34.60380172729492,35.61442565917969,27.770553588867188,7361286
2008-08-04,38.64630126953125,40.42499923706055,38.08034896850586,39.697349548339844,30.95423126220703,20837229
2008-08-05,39.93989944458008,40.586700439453125,38.322898864746094,38.605873107910156,30.1031436920166,13797403
2008-08-06,38.5250244140625,38.56544876098633,37.352699279785156,38.403751373291016,29.945541381835938,8424787
2008-08-07,38.20162582397461,38.282474517822266,36.78675079345703,37.069725036621094,28.90534019470215,8848707
2008-08-08,37.15057373046875,39.13140106201172,36.70589828491211,38.92927551269531,30.355335235595703,7498578
2008-08-11,38.80799865722656,41.071800231933594,38.56544876098633,40.62712478637695,31.679237365722656,6751169
2008-08-12,40.34415054321289,41.7994499206543,40.101600646972656,40.50585174560547,31.58466911315918,7559555
2008-08-13,40.42499923706055,41.395198822021484,39.61650085449219,39.980323791503906,31.174896240234375,5313568
2008-08-14,40.263301849365234,41.27392578125,39.656925201416016,40.50585174560547,31.58466911315918,6723191
2008-08-15,40.62712478637695,42.446250915527344,40.50585174560547,41.75902557373047,32.56184387207031,6356537
2008-08-18,41.839874267578125,41.839874267578125,39.818626403808594,40.020748138427734,31.20641326904297,4975609
2008-08-19,39.697349548339844,39.7781982421875,38.848426818847656,39.29309844970703,30.63901710510254,4641608
2008-08-20,39.818626403808594,39.818626403808594,38.403751373291016,39.13140106201172,30.512941360473633,5004774
2008-08-21,38.767574310302734,40.34415054321289,38.322898864746094,40.22287368774414,31.364009857177734,4480049
2008-08-22,40.38457489013672,40.50585174560547,39.41437530517578,40.38457489013672,31.4901123046875,3788151
2008-08-25,39.85905075073242,39.93989944458008,38.48460006713867,38.64630126953125,30.134672164916992,3644304
2008-08-26,38.68672561645508,39.09097671508789,38.12077331542969,38.64630126953125,30.134672164916992,3771354
2008-08-27,38.36332321166992,39.01012420654297,37.67610168457031,38.80799865722656,30.26074981689453,3412245
2008-08-28,38.96969985961914,39.09097671508789,38.282474517822266,38.68672561645508,30.16619110107422,4765269
2008-08-29,38.5250244140625,38.5250244140625,37.87822341918945,38.08034896850586,29.693382263183594,4224490
2008-09-02,38.64630126953125,39.37395095825195,37.91865158081055,38.444175720214844,29.977067947387695,5531478
2008-09-03,37.9995002746582,38.36332321166992,37.31227493286133,38.03992462158203,29.66184425354004,4424341
2008-09-04,37.75695037841797,38.322898864746094,36.86759948730469,36.948448181152344,28.81077766418457,5623253
2008-09-05,35.73569869995117,36.908023834228516,35.12932586669922,36.62504959106445,28.558591842651367,5548176
2008-09-08,37.23142623901367,37.7973747253418,36.42292404174805,37.63567352294922,29.34663963317871,4851528
2008-09-09,37.393123626708984,38.403751373291016,35.331451416015625,35.331451416015625,27.549903869628906,6663426
2008-09-10,35.49314880371094,36.139949798583984,33.269775390625,33.59317398071289,26.194469451904297,9915770
2008-09-11,33.22935104370117,33.350624084472656,31.693199157714844,32.7442512512207,25.687074661254883,9060878
2008-09-12,32.137874603271484,33.75487518310547,32.137874603271484,32.86552429199219,25.782215118408203,5267557
2008-09-15,32.5421257019043,32.703826904296875,30.925125122070312,30.925125122070312,24.2600154876709,4828745
2008-09-16,30.682575225830078,30.925125122070312,28.90387535095215,29.2677001953125,22.959800720214844,8752084
2008-09-17,29.2677001953125,29.2677001953125,27.56985092163086,27.56985092163086,21.627878189086914,7769672
2008-09-18,28.176225662231445,28.74217414855957,26.357099533081055,28.701749801635742,22.515830993652344,7671095
2008-09-19,31.5314998626709,31.571924209594727,28.984725952148438,30.440025329589844,23.879467010498047,9843587
2008-09-22,30.359174728393555,31.369800567626953,29.914499282836914,30.64215087890625,24.038021087646484,7197452
2008-09-23,30.682575225830078,32.66339874267578,29.67194938659668,29.833650588989258,23.403778076171875,6844230
2008-09-24,29.874074935913086,30.925125122070312,29.591100692749023,30.318750381469727,23.784330368041992,4927495
2008-09-25,30.682575225830078,32.259151458740234,30.440025329589844,31.81447410583496,24.957685470581055,4988151
2008-09-26,30.318750381469727,30.925125122070312,29.308124542236328,30.844274520874023,24.19658851623535,6033024
2008-09-29,30.03577423095703,30.399599075317383,26.801774978637695,27.0039005279541,21.18391227722168,8565096
2008-09-30,28.014524459838867,28.944299697875977,27.691125869750977,28.863449096679688,22.642681121826172,5628868
2008-10-01,28.661325454711914,30.15704917907715,28.095375061035156,30.076200485229492,23.59404945373535,4832282
2008-10-02,29.510250091552734,29.510250091552734,27.206024169921875,27.40814971923828,21.501028060913086,6896302
2008-10-03,28.216650009155273,29.18684959411621,27.084749221801758,27.165599822998047,21.310754776000977,5427359
2008-10-06,26.15497589111328,26.397525787353516,23.56777572631836,24.82094955444336,19.471435546875,10399159
2008-10-07,25.589025497436523,25.791149139404297,22.759275436401367,22.840124130249023,17.917524337768555,7450390
2008-10-08,21.74864959716797,23.689050674438477,21.020999908447266,21.101850509643555,16.55388641357422,9413828
2008-10-09,21.829500198364258,22.072050094604492,18.433799743652344,18.433799743652344,14.460870742797852,9448213
2008-10-10,17.221050262451172,20.131650924682617,16.170000076293945,18.918899536132812,14.841422080993652,12751812
2008-10-13,21.384824752807617,22.63800048828125,20.212499618530273,22.516725540161133,17.6638240814209,8171280
2008-10-14,24.41670036315918,24.41670036315918,21.74864959716797,22.19332504272461,17.410125732421875,8961608
2008-10-15,21.829500198364258,22.15290069580078,20.89972496032715,20.980575561523438,16.458751678466797,8313618
2008-10-16,21.991199493408203,22.759275436401367,20.091224670410156,22.678424835205078,17.79067611694336,9501398
2008-10-17,22.15290069580078,24.052875518798828,21.506099700927734,22.718849182128906,17.822389602661133,6663550
2008-10-20,23.08267593383789,24.86137580871582,22.840124130249023,24.537975311279297,19.24945068359375,5401608
2008-10-21,24.093299865722656,24.537975311279297,22.880550384521484,22.96139907836914,18.012662887573242,4536376
2008-10-22,22.435874938964844,22.63800048828125,19.848674774169922,20.37420082092285,15.983070373535156,6235399
2008-10-23,20.252925872802734,21.223125457763672,19.201875686645508,20.576324462890625,16.141626358032227,7555770
2008-10-24,18.757200241088867,20.81887435913086,18.433799743652344,20.252925872802734,15.887925148010254,5934273
2008-10-27,19.808250427246094,22.072050094604492,18.797624588012695,20.41462516784668,16.01478385925293,6610019
2008-10-28,21.70822525024414,23.608200073242188,20.535900115966797,23.608200073242188,18.52005958557129,6496450
2008-10-29,23.08267593383789,23.56777572631836,21.829500198364258,22.072050094604492,17.314983367919922,7681187
2008-10-30,22.63800048828125,23.244375228881836,20.172075271606445,20.89972496032715,16.395328521728516,8498479
2008-10-31,20.657175064086914,22.355024337768555,20.455049514770508,21.70822525024414,17.02958106994629,5798689
2008-11-03,21.586950302124023,21.62737464904785,20.010374069213867,20.37420082092285,15.983070373535156,5461719
2008-11-04,21.223125457763672,21.223125457763672,20.576324462890625,21.18269920349121,16.617319107055664,4937934
2008-11-05,20.697599411010742,21.18269920349121,19.201875686645508,19.40399932861328,15.221975326538086,14118788
2008-11-06,19.201875686645508,19.48484992980957,18.19124984741211,18.2721004486084,14.334019660949707,7701546
2008-11-07,18.514650344848633,19.363574981689453,18.029550552368164,19.363574981689453,15.190255165100098,7034682
2008-11-10,20.010374069213867,20.010374069213867,17.908275604248047,18.19124984741211,14.270594596862793,4720816
2008-11-11,17.908275604248047,18.11039924621582,17.059349060058594,17.544450759887695,13.763202667236328,4528559
2008-11-12,17.221050262451172,17.74657440185547,15.76574993133545,15.967874526977539,12.526412963867188,6745553
2008-11-13,15.76574993133545,18.514650344848633,15.76574993133545,18.514650344848633,14.524299621582031,7835127
2008-11-14,17.908275604248047,18.11039924621582,16.452974319458008,16.49340057373047,12.938675880432129,6980532
2008-11-17,16.250850677490234,16.533824920654297,15.684900283813477,16.089149475097656,12.62154769897461,5948695
2008-11-18,16.210424423217773,16.291275024414062,14.83597469329834,15.76574993133545,12.367851257324219,7126976
2008-11-19,15.28065013885498,15.967874526977539,13.906200408935547,13.906200408935547,10.909074783325195,8096401
2008-11-20,13.70407485961914,14.63385009765625,12.693449974060059,12.733875274658203,9.989415168762207,7892566
2008-11-21,13.744500160217285,13.744500160217285,12.1274995803833,13.259400367736816,10.401679992675781,12187854
2008-11-24,13.50195026397705,14.553000450134277,13.259400367736816,14.350874900817871,11.257915496826172,10728262
2008-11-25,14.755125045776367,16.533824920654297,14.270025253295898,16.129575729370117,12.653263092041016,10732022
2008-11-26,16.00830078125,17.099775314331055,15.118949890136719,16.77637481689453,13.160659790039062,6169746
2008-11-28,16.695524215698242,17.908275604248047,16.49340057373047,17.423175811767578,13.668059349060059,3150872
2008-12-01,17.140199661254883,17.665725708007812,16.210424423217773,16.614675521850586,13.033811569213867,7160074
2008-12-02,18.069974899291992,18.15082550048828,16.452974319458008,17.261474609375,13.541208267211914,5700383
2008-12-03,16.452974319458008,17.78700065612793,16.291275024414062,17.665725708007812,13.8583345413208,6700903
2008-12-04,17.180625915527344,18.069974899291992,16.85722541809082,17.463600158691406,13.699772834777832,6034904
2008-12-05,16.735950469970703,17.74657440185547,16.37212562561035,17.62529945373535,13.826619148254395,5646011
2008-12-08,17.423175811767578,18.11039924621582,16.655099868774414,17.78700065612793,13.953466415405273,5484848
2008-12-09,17.059349060058594,17.584875106811523,16.695524215698242,16.77637481689453,13.160659790039062,3706716
2008-12-10,16.655099868774414,17.261474609375,16.655099868774414,17.059349060058594,13.382651329040527,3142536
2008-12-11,16.81679916381836,17.463600158691406,16.37212562561035,16.574249267578125,13.15799617767334,4736030
2008-12-12,15.76574993133545,17.059349060058594,15.56362533569336,16.938074111938477,13.446833610534668,5125269
2008-12-15,16.938074111938477,17.382749557495117,16.49340057373047,16.85722541809082,13.38265323638916,4240272
2008-12-16,17.018924713134766,17.827425003051758,16.938074111938477,17.827425003051758,14.152868270874023,6140952
2008-12-17,17.059349060058594,18.231674194335938,16.695524215698242,17.827425003051758,14.152868270874023,8554137
2008-12-18,17.62529945373535,18.029550552368164,16.978500366210938,17.099775314331055,13.575202941894531,3775263
2008-12-19,17.099775314331055,18.15082550048828,17.059349060058594,17.989124298095703,14.281245231628418,5741323
2008-12-22,17.948699951171875,17.948699951171875,16.49340057373047,16.614675521850586,13.19009017944336,5376228
2008-12-23,17.099775314331055,17.099775314331055,16.129575729370117,16.291275024414062,12.933350563049316,3734323
2008-12-24,16.291275024414062,16.574249267578125,15.927450180053711,15.927450180053711,12.64451789855957,1490167
2008-12-26,16.00830078125,16.41254997253418,15.887024879455566,16.37212562561035,12.997535705566406,1723834
2008-12-29,16.33169937133789,16.452974319458008,15.846599578857422,16.37212562561035,12.997535705566406,2917922
2008-12-30,16.37212562561035,16.89764976501465,16.089149475097656,16.81679916381836,13.350553512573242,4993173
2008-12-31,16.452974319458008,18.11039924621582,16.41254997253418,17.908275604248047,14.217059135437012,5782610
2009-01-02,17.989124298095703,19.12102508544922,17.584875106811523,18.878475189208984,14.987279891967773,3669586
2009-01-05,18.676349639892578,18.838050842285156,17.78700065612793,18.11039924621582,14.377520561218262,4884082
2009-01-06,18.63592529296875,19.201875686645508,18.11039924621582,18.757200241088867,14.890999794006348,5692443
2009-01-07,18.393375396728516,18.595500946044922,17.74657440185547,17.908275604248047,14.217059135437012,4797279
2009-01-08,17.504024505615234,18.352949142456055,17.463600158691406,18.312524795532227,14.537978172302246,3318813
2009-01-09,18.2721004486084,18.71677589416504,17.584875106811523,18.029550552368164,14.31334114074707,2959777
2009-01-12,18.069974899291992,18.474224090576172,17.827425003051758,18.19124984741211,14.441705703735352,4282202
2009-01-13,18.231674194335938,18.312524795532227,17.423175811767578,17.463600158691406,13.864038467407227,4607767
2009-01-14,16.978500366210938,17.221050262451172,16.291275024414062,16.614675521850586,13.19009017944336,4915226
2009-01-15,16.978500366210938,18.029550552368164,16.33169937133789,17.908275604248047,14.217059135437012,9008485
2009-01-16,18.15082550048828,19.201875686645508,17.665725708007812,18.352949142456055,14.570077896118164,5987112
2009-01-20,19.444425582885742,19.606124877929688,17.261474609375,17.423175811767578,13.83194351196289,6779344
2009-01-21,17.74657440185547,18.231674194335938,16.978500366210938,18.231674194335938,14.473800659179688,4703525
2009-01-22,17.463600158691406,18.231674194335938,17.140199661254883,17.908275604248047,14.217059135437012,3822981
2009-01-23,17.544450759887695,18.797624588012695,17.059349060058594,18.595500946044922,14.76263427734375,4053779
2009-01-26,18.595500946044922,19.04017448425293,17.78700065612793,18.231674194335938,14.473800659179688,2999060
2009-01-27,18.069974899291992,19.282724380493164,17.989124298095703,19.04017448425293,15.115656852722168,3388942
2009-01-28,19.323150634765625,20.010374069213867,19.04017448425293,19.92952537536621,15.821695327758789,3347359
2009-01-29,19.606124877929688,19.767824172973633,18.474224090576172,18.838050842285156,14.95518970489502,2799357
2009-01-30,18.918899536132812,18.9997501373291,17.827425003051758,17.908275604248047,14.217059135437012,3955399
2009-02-02,17.62529945373535,18.757200241088867,17.463600158691406,18.352949142456055,14.570077896118164,4783278
2009-02-03,16.655099868774414,17.059349060058594,15.644474983215332,16.33169937133789,12.965444564819336,10722004
2009-02-04,16.170000076293945,16.170000076293945,14.997674942016602,15.159375190734863,12.03475570678711,10268374
2009-02-05,14.876399993896484,15.401925086975098,13.906200408935547,14.876399993896484,11.81010627746582,11556265
2009-02-06,15.159375190734863,15.967874526977539,14.795550346374512,15.684900283813477,12.451963424682617,7667211
2009-02-09,16.291275024414062,17.018924713134766,16.170000076293945,16.77637481689453,13.318461418151855,7687174
2009-02-10,16.89764976501465,16.89764976501465,15.644474983215332,15.76574993133545,12.516142845153809,8888386
2009-02-11,15.927450180053711,16.089149475097656,15.56362533569336,15.76574993133545,12.516142845153809,6524403
2009-02-12,15.76574993133545,15.76574993133545,14.795550346374512,15.684900283813477,12.451963424682617,4952406
2009-02-13,15.56362533569336,16.170000076293945,15.361499786376953,15.644474983215332,12.419867515563965,4623575
2009-02-17,14.916825294494629,15.321075439453125,14.63385009765625,14.957249641418457,11.87429141998291,5828077
2009-02-18,15.118949890136719,15.240224838256836,14.350874900817871,14.674275398254395,11.649642944335938,4797205
2009-02-19,14.997674942016602,15.442350387573242,14.270025253295898,14.674275398254395,11.649642944335938,6868670
2009-02-20,14.391300201416016,14.876399993896484,14.148750305175781,14.593424797058105,11.585454940795898,4815114
2009-02-23,14.83597469329834,15.56362533569336,14.593424797058105,14.674275398254395,11.649642944335938,5025356
2009-02-24,14.83597469329834,15.887024879455566,13.906200408935547,15.604049682617188,12.387775421142578,5890167
2009-02-25,15.442350387573242,15.604049682617188,14.63385009765625,14.997674942016602,11.906383514404297,5062461
2009-02-26,15.199799537658691,15.56362533569336,14.472149848937988,14.63385009765625,11.61755084991455,3764082
2009-02-27,14.310449600219727,14.553000450134277,13.744500160217285,14.229599952697754,11.296619415283203,4637477
2009-03-02,13.906200408935547,14.63385009765625,13.663649559020996,13.663649559020996,10.847322463989258,5899097
2009-03-03,13.906200408935547,14.431724548339844,13.299824714660645,13.340250015258789,10.590584754943848,6616797
2009-03-04,13.582799911499023,14.229599952697754,13.461524963378906,13.946624755859375,11.071972846984863,4862635
2009-03-05,13.78492546081543,13.78492546081543,12.612600326538086,12.814724922180176,10.17337703704834,5758392
2009-03-06,13.016850471496582,13.1381254196167,12.046649932861328,12.531749725341797,9.948729515075684,4883636
2009-03-09,12.370050430297852,13.1381254196167,12.20835018157959,12.612600326538086,10.01291561126709,3982832
2009-03-10,12.976425170898438,13.70407485961914,12.733875274658203,13.70407485961914,10.879420280456543,5055708
2009-03-11,14.553000450134277,14.674275398254395,13.98705005645752,14.108325004577637,11.20034408569336,6983377
2009-03-12,14.108325004577637,15.038100242614746,13.946624755859375,14.957249641418457,11.87429141998291,6618899
2009-03-13,15.48277473449707,15.56362533569336,14.270025253295898,15.159375190734863,12.03475570678711,6371676
2009-03-16,15.321075439453125,15.806175231933594,14.755125045776367,14.755125045776367,11.713825225830078,3997576
2009-03-17,14.755125045776367,15.725324630737305,14.593424797058105,15.725324630737305,12.484051704406738,4144292
2009-03-18,15.240224838256836,16.938074111938477,15.199799537658691,16.77637481689453,13.318461418151855,5070031
2009-03-19,16.655099868774414,16.978500366210938,16.170000076293945,16.452974319458008,13.061720848083496,3533383
2009-03-20,16.574249267578125,16.695524215698242,15.76574993133545,16.00830078125,12.708701133728027,5172566
2009-03-23,16.452974319458008,17.423175811767578,16.210424423217773,17.423175811767578,13.83194351196289,3802597
2009-03-24,16.978500366210938,17.584875106811523,16.574249267578125,17.099775314331055,13.575202941894531,4117427
2009-03-25,17.261474609375,17.463600158691406,16.41254997253418,16.978500366210938,13.478920936584473,3978602
2009-03-26,17.180625915527344,18.393375396728516,17.099775314331055,18.393375396728516,14.602168083190918,4763661
2009-03-27,18.11039924621582,18.2721004486084,17.018924713134766,17.665725708007812,14.02449893951416,4901967
2009-03-30,17.221050262451172,17.423175811767578,16.574249267578125,16.978500366210938,13.478920936584473,4288831
2009-03-31,17.423175811767578,17.504024505615234,16.77637481689453,17.099775314331055,13.575202941894531,4807570
2009-04-01,16.574249267578125,17.584875106811523,16.41254997253418,17.504024505615234,13.896135330200195,3627805
2009-04-02,17.70615005493164,18.838050842285156,17.665725708007812,18.71677589416504,14.858912467956543,4808831
2009-04-03,18.11039924621582,18.514650344848633,16.695524215698242,18.433799743652344,14.63426399230957,6769202
2009-04-06,18.029550552368164,18.9997501373291,17.180625915527344,18.959325790405273,15.051469802856445,4563142
2009-04-07,17.948699951171875,18.63592529296875,17.78700065612793,18.352949142456055,14.570077896118164,3259246
2009-04-08,18.2721004486084,18.71677589416504,18.11039924621582,18.352949142456055,14.570077896118164,3367149
2009-04-09,18.797624588012695,19.808250427246094,18.676349639892578,19.808250427246094,15.725412368774414,4009895
2009-04-13,18.9997501373291,19.646549224853516,18.878475189208984,19.444425582885742,15.4365816116333,3317032
2009-04-14,19.282724380493164,19.323150634765625,18.55507469177246,18.918899536132812,15.01937198638916,4288411
2009-04-15,18.595500946044922,20.212499618530273,18.595500946044922,19.686975479125977,15.629137992858887,5275671
2009-04-16,20.050800323486328,20.89972496032715,19.56570053100586,20.616750717163086,16.367267608642578,5145553
2009-04-17,20.89972496032715,22.799699783325195,20.41462516784668,22.476299285888672,17.843530654907227,9919951
2009-04-20,22.031625747680664,22.233749389648438,20.89972496032715,21.18269920349121,16.816564559936523,6576376
2009-04-21,20.940149307250977,22.718849182128906,20.81887435913086,22.516725540161133,17.875621795654297,6498627
2009-04-22,22.678424835205078,23.56777572631836,21.829500198364258,22.880550384521484,18.164461135864258,6011849
2009-04-23,22.799699783325195,22.799699783325195,21.2635498046875,22.2741756439209,17.683063507080078,5429610
2009-04-24,22.476299285888672,24.012449264526367,21.869924545288086,23.48692512512207,18.645843505859375,6954286
2009-04-27,23.12310028076172,23.48692512512207,22.63800048828125,23.08267593383789,18.324922561645508,4459221
2009-04-28,22.880550384521484,23.810325622558594,22.233749389648438,23.48692512512207,18.645843505859375,4359975
2009-04-29,23.244375228881836,24.295425415039062,23.203950881958008,24.093299865722656,19.12723731994629,4725516
2009-04-30,24.052875518798828,24.2549991607666,21.829500198364258,22.355024337768555,17.747255325317383,8974570
2009-05-01,22.233749389648438,22.476299285888672,20.697599411010742,22.395450592041016,17.779346466064453,7529004
2009-05-04,22.55714988708496,23.203950881958008,22.2741756439209,23.08267593383789,18.324922561645508,5689672
2009-05-05,22.59757423400879,23.850749969482422,22.59757423400879,23.729475021362305,18.83840560913086,4211750
2009-05-06,23.648624420166016,25.66987419128418,23.648624420166016,25.508174896240234,20.250486373901367,9207495
2009-05-07,25.66987419128418,26.19540023803711,24.699674606323242,25.144350051879883,19.96164894104004,8290761
2009-05-08,25.103925704956055,26.2762508392334,24.537975311279297,26.2762508392334,20.86024284362793,5555547
2009-05-11,25.34647560119629,25.831575393676758,24.90180015563965,25.34647560119629,20.12211036682129,4292418
2009-05-12,25.831575393676758,25.831575393676758,23.97202491760254,24.537975311279297,19.480253219604492,6101274
2009-05-13,24.2549991607666,24.457124710083008,22.63800048828125,22.880550384521484,18.164461135864258,6868448
2009-05-14,22.96139907836914,23.56777572631836,22.678424835205078,23.365650177001953,18.549577713012695,3735387
2009-05-15,23.446500778198242,24.33584976196289,23.244375228881836,23.89117431640625,18.966768264770508,4719505
2009-05-18,24.052875518798828,25.023075103759766,24.012449264526367,24.86137580871582,19.73699378967285,5884873
2009-05-19,25.225200653076172,25.508174896240234,24.295425415039062,25.225200653076172,20.02583122253418,4748448
2009-05-20,25.467750549316406,25.62944984436035,24.497549057006836,24.618825912475586,19.544445037841797,4668497
2009-05-21,24.174150466918945,24.578399658203125,23.40607452392578,23.810325622558594,18.902587890625,4229462
2009-05-22,23.97202491760254,24.497549057006836,23.608200073242188,23.850749969482422,18.9346866607666,3275696
2009-05-26,24.012449264526367,24.33584976196289,23.12310028076172,24.214574813842773,19.223512649536133,3284502
2009-05-27,24.41670036315918,24.86137580871582,23.850749969482422,23.93160057067871,18.998868942260742,3461497
2009-05-28,24.659250259399414,24.82094955444336,23.850749969482422,24.295425415039062,19.287702560424805,6030946
2009-05-29,24.78052520751953,24.78052520751953,24.093299865722656,24.497549057006836,19.448165893554688,3970810
2009-06-01,24.86137580871582,25.831575393676758,24.699674606323242,25.589025497436523,20.314668655395508,4285318
2009-06-02,25.66987419128418,26.2762508392334,25.063499450683594,25.912424087524414,20.57139778137207,5278442
2009-06-03,26.033700942993164,26.033700942993164,24.537975311279297,25.063499450683594,19.897459030151367,3552406
2009-06-04,25.144350051879883,25.952850341796875,25.023075103759766,25.791149139404297,20.475135803222656,3511589
2009-06-05,25.791149139404297,26.074125289916992,24.942224502563477,25.225200653076172,20.02583122253418,3132913
2009-06-08,24.82094955444336,26.316675186157227,24.618825912475586,26.033700942993164,20.66768455505371,4345380
2009-06-09,26.316675186157227,27.852825164794922,26.074125289916992,27.12517547607422,21.534189224243164,4904638
2009-06-10,27.286874771118164,27.48900032043457,25.912424087524414,26.55922508239746,21.084890365600586,3507706
2009-06-11,26.19540023803711,28.054950714111328,26.19540023803711,27.771974563598633,22.04766273498535,5170686
2009-06-12,27.206024169921875,27.5294246673584,26.478374481201172,27.206024169921875,21.598377227783203,3477873
2009-06-15,26.680500030517578,26.882625579833984,26.074125289916992,26.19540023803711,20.796066284179688,3694447
2009-06-16,26.033700942993164,26.64007568359375,25.34647560119629,25.34647560119629,20.12211036682129,3925937
2009-06-17,25.225200653076172,25.75072479248047,24.618825912475586,25.306049346923828,20.090009689331055,7469734
2009-06-18,25.306049346923828,25.467750549316406,24.90180015563965,25.386899948120117,20.154199600219727,6427532
2009-06-19,25.791149139404297,25.952850341796875,24.578399658203125,24.699674606323242,19.608625411987305,5881806
2009-06-22,24.537975311279297,24.942224502563477,23.93160057067871,24.37627410888672,19.351890563964844,6126407
2009-06-23,25.265625,25.427324295043945,24.82094955444336,25.34647560119629,20.12211036682129,8541323
2009-06-24,25.66987419128418,25.791149139404297,25.18477439880371,25.589025497436523,20.314668655395508,15726481
2009-06-25,25.386899948120117,26.316675186157227,25.103925704956055,26.15497589111328,20.76396369934082,15152876
2009-06-26,26.2762508392334,26.96347427368164,25.75072479248047,26.761350631713867,21.245349884033203,8718442
2009-06-29,27.12517547607422,27.12517547607422,26.11454963684082,26.720924377441406,21.2132625579834,5998120
2009-06-30,27.691125869750977,28.095375061035156,26.397525787353516,26.801774978637695,21.27744483947754,6763340
2009-07-01,26.842199325561523,27.48900032043457,26.033700942993164,26.11454963684082,20.73186492919922,5400792
2009-07-02,25.791149139404297,26.033700942993164,24.942224502563477,25.023075103759766,19.865367889404297,5125368
2009-07-06,24.78052520751953,25.18477439880371,24.457124710083008,24.78052520751953,19.67281723022461,4773729
2009-07-07,24.78052520751953,25.75072479248047,24.699674606323242,24.86137580871582,19.73699378967285,7849623
2009-07-08,24.78052520751953,25.063499450683594,24.214574813842773,24.618825912475586,19.544445037841797,5326135
2009-07-09,24.942224502563477,25.023075103759766,24.41670036315918,24.537975311279297,19.480253219604492,3587112
2009-07-10,24.295425415039062,24.82094955444336,24.214574813842773,24.457124710083008,19.416072845458984,3030080
2009-07-13,24.33584976196289,24.497549057006836,23.89117431640625,24.41670036315918,19.383983612060547,5317823
2009-07-14,24.537975311279297,25.144350051879883,24.2549991607666,24.942224502563477,19.801185607910156,3756413
2009-07-15,25.427324295043945,26.761350631713867,25.225200653076172,26.720924377441406,21.2132625579834,5367273
2009-07-16,25.306049346923828,25.952850341796875,24.78052520751953,25.589025497436523,20.314668655395508,6005096
2009-07-17,25.225200653076172,25.508174896240234,24.78052520751953,25.467750549316406,20.218387603759766,4115968
2009-07-20,25.467750549316406,25.831575393676758,25.18477439880371,25.62944984436035,20.34675407409668,2864490
2009-07-21,25.791149139404297,25.831575393676758,25.103925704956055,25.62944984436035,20.34675407409668,2862115
2009-07-22,25.265625,26.2762508392334,25.265625,25.871999740600586,20.53931427001953,2858429
2009-07-23,25.66987419128418,27.0039005279541,25.66987419128418,26.64007568359375,21.149072647094727,4672801
2009-07-24,26.680500030517578,26.720924377441406,26.11454963684082,26.59964942932129,21.116985321044922,3145677
2009-07-27,26.357099533081055,27.327299118041992,26.357099533081055,27.246450424194336,21.63046646118164,3643191
2009-07-28,26.720924377441406,27.731550216674805,26.680500030517578,27.56985092163086,21.887208938598633,4900037
2009-07-29,27.286874771118164,27.367725372314453,25.871999740600586,26.55922508239746,21.084890365600586,9132591
2009-07-30,28.944299697875977,31.04640007019043,28.216650009155273,29.065574645996094,23.074636459350586,15460606
2009-07-31,29.469825744628906,29.510250091552734,28.540050506591797,28.944299697875977,22.978355407714844,10054199
2009-08-03,29.308124542236328,29.510250091552734,28.580474853515625,29.308124542236328,23.26719093322754,5872183
2009-08-04,29.146425247192383,30.03577423095703,28.944299697875977,29.2677001953125,23.2351016998291,5997378
2009-08-05,29.308124542236328,29.591100692749023,28.499624252319336,28.82302474975586,22.882076263427734,5972220
2009-08-06,29.18684959411621,29.18684959411621,28.580474853515625,28.74217414855957,22.817893981933594,3055288
2009-08-07,29.065574645996094,29.469825744628906,28.620899200439453,28.82302474975586,22.882076263427734,5393890
2009-08-10,28.33792495727539,29.429399490356445,28.33792495727539,28.984725952148438,23.01045036315918,4333655
2009-08-11,28.90387535095215,29.18684959411621,28.297500610351562,28.41877555847168,22.561155319213867,3336327
2009-08-12,28.216650009155273,28.90387535095215,28.176225662231445,28.580474853515625,22.689525604248047,3136327
2009-08-13,28.82302474975586,29.75279998779297,28.540050506591797,29.429399490356445,23.363475799560547,4743673
2009-08-14,29.34855079650879,29.469825744628906,28.33792495727539,29.34855079650879,23.299285888671875,4558912
2009-08-17,28.297500610351562,28.82302474975586,28.297500610351562,28.540050506591797,22.65743637084961,4781101
2009-08-18,28.661325454711914,29.469825744628906,28.540050506591797,29.146425247192383,23.13882064819336,4739196
2009-08-19,28.540050506591797,29.63152503967285,28.540050506591797,29.469825744628906,23.395566940307617,7765566
2009-08-20,29.18684959411621,29.914499282836914,29.18684959411621,29.793224334716797,23.65230941772461,5181744
2009-08-21,30.399599075317383,30.722999572753906,29.874074935913086,30.64215087890625,24.326250076293945,5708918
2009-08-24,30.440025329589844,30.844274520874023,29.954925537109375,30.237899780273438,24.005325317382812,5359258
2009-08-25,30.11662483215332,30.722999572753906,30.11662483215332,30.440025329589844,24.16579246520996,3493086
2009-08-26,30.440025329589844,30.60172462463379,30.076200485229492,30.237899780273438,24.005325317382812,4444824
2009-08-27,30.076200485229492,30.237899780273438,29.469825744628906,29.67194938659668,23.556032180786133,5722177
2009-08-28,29.914499282836914,30.318750381469727,28.863449096679688,29.146425247192383,23.13882064819336,6784119
2009-08-31,28.701749801635742,29.227275848388672,28.297500610351562,29.025150299072266,23.042543411254883,6001831
2009-09-01,29.75279998779297,30.15704917907715,28.297500610351562,28.37834930419922,22.529064178466797,10040965
2009-09-02,28.661325454711914,31.652774810791016,28.297500610351562,31.612350463867188,25.096473693847656,16476982
2009-09-03,31.04640007019043,31.571924209594727,30.480449676513672,31.12725067138672,24.71135902404785,12150550
2009-09-04,30.076200485229492,32.137874603271484,30.076200485229492,31.248525619506836,24.807636260986328,8520594
2009-09-08,31.89532470703125,32.42084884643555,31.329374313354492,31.935749053955078,25.353214263916016,8131404
2009-09-09,32.62297439575195,32.703826904296875,31.652774810791016,31.733625411987305,25.1927490234375,6938058
2009-09-10,31.854900360107422,32.94637680053711,31.167675018310547,32.21872329711914,25.577865600585938,9386048
2009-09-11,33.188926696777344,35.210174560546875,33.027225494384766,35.08890151977539,27.856449127197266,15014620
2009-09-14,35.776126861572266,36.463348388671875,34.92720031738281,35.533573150634766,28.2094669342041,13580284
2009-09-15,36.0186767578125,37.31227493286133,35.978248596191406,37.191001892089844,29.5252685546875,11100903
2009-09-16,37.75695037841797,38.20162582397461,36.70589828491211,37.029300689697266,29.39690399169922,11757205
2009-09-17,37.11014938354492,37.191001892089844,35.776126861572266,36.0186767578125,28.594585418701172,10710674
2009-09-18,36.30165100097656,36.38249969482422,34.886775970458984,36.22079849243164,28.755041122436523,8603983
2009-09-21,35.85697555541992,36.05910110473633,35.12932586669922,35.776126861572266,28.40201759338379,4700111
2009-09-22,36.261226654052734,36.34207534790039,35.00804901123047,35.2505989074707,27.98480796813965,4442498
2009-09-23,35.654850006103516,35.654850006103516,34.19955062866211,34.320823669433594,27.246686935424805,5061126
2009-09-24,34.442100524902344,34.56337356567383,33.188926696777344,33.67402648925781,26.733196258544922,6225999
2009-09-25,33.067649841308594,33.471900939941406,32.34000015258789,32.78467559814453,26.027170181274414,8547508
2009-09-28,33.10807418823242,34.280399322509766,32.78467559814453,33.835723876953125,26.861572265625,4958244
2009-09-29,33.67402648925781,34.52294921875,33.512325286865234,33.9974250793457,26.98995018005371,9256351
2009-09-30,34.03784942626953,35.12932586669922,33.027225494384766,34.725074768066406,27.567604064941406,13540829
2009-10-01,34.401676177978516,34.92720031738281,33.75487518310547,33.835723876953125,26.861572265625,9896178
2009-10-02,32.94637680053711,33.71445083618164,32.137874603271484,32.29957580566406,25.64204978942871,8285244
2009-10-05,31.693199157714844,33.391048431396484,31.45064926147461,33.188926696777344,26.34808921813965,9761262
2009-10-06,33.188926696777344,34.80592346191406,33.027225494384766,34.320823669433594,27.246686935424805,8640148
2009-10-07,34.48252487182617,35.49314880371094,34.280399322509766,34.80592346191406,27.631790161132812,9410118
2009-10-08,35.16975021362305,35.2505989074707,33.67402648925781,33.87614822387695,26.893667221069336,5409845
2009-10-09,33.71445083618164,34.60380172729492,33.31019973754883,34.280399322509766,27.214590072631836,5733309
2009-10-12,33.87614822387695,34.280399322509766,33.43147659301758,33.63359832763672,26.701107025146484,4292616
2009-10-13,33.512325286865234,33.71445083618164,33.067649841308594,33.269775390625,26.412281036376953,4186617
2009-10-14,34.11869812011719,34.19955062866211,32.905948638916016,33.9974250793457,26.98995018005371,6224589
2009-10-15,33.63359832763672,33.71445083618164,31.935749053955078,32.86552429199219,26.09136199951172,11769202
2009-10-16,32.86552429199219,32.905948638916016,31.167675018310547,31.733625411987305,25.1927490234375,8468151
2009-10-19,32.21872329711914,34.56337356567383,32.097450256347656,34.23997497558594,27.182504653930664,10939666
2009-10-20,34.401676177978516,34.442100524902344,33.350624084472656,33.63359832763672,26.701107025146484,6960173
2009-10-21,33.391048431396484,34.07827377319336,33.027225494384766,33.14849853515625,26.31599235534668,7140111
2009-10-22,33.67402648925781,33.957000732421875,33.188926696777344,33.67402648925781,26.733196258544922,5393717
2009-10-23,33.9974250793457,33.9974250793457,33.067649841308594,33.31019973754883,26.444374084472656,6148992
2009-10-26,33.31019973754883,33.957000732421875,32.38042449951172,32.50170135498047,25.802509307861328,7241682
2009-10-27,32.50170135498047,33.22935104370117,31.45064926147461,31.935749053955078,25.353214263916016,11502437
2009-10-28,32.42084884643555,33.350624084472656,31.612350463867188,32.17829895019531,25.5457706451416,13637699
2009-10-29,34.725074768066406,36.261226654052734,34.19955062866211,35.331451416015625,28.04899787902832,20937638
2009-10-30,35.93782424926758,36.139949798583984,34.36125183105469,34.64422607421875,27.50342559814453,16144886
2009-11-02,36.261226654052734,36.50377655029297,35.695274353027344,36.50377655029297,28.979700088500977,17478491
2009-11-03,36.30165100097656,37.029300689697266,35.978248596191406,36.70589828491211,29.140155792236328,14440816
2009-11-04,36.98887634277344,36.98887634277344,36.261226654052734,36.38249969482422,28.883411407470703,9827978
2009-11-05,36.78675079345703,37.837799072265625,36.70589828491211,37.63567352294922,29.878276824951172,13217365
2009-11-06,37.43355178833008,37.837799072265625,35.695274353027344,35.93782424926758,28.530393600463867,16701620
2009-11-09,36.38249969482422,36.584625244140625,35.654850006103516,36.30165100097656,28.819223403930664,10195077
2009-11-10,36.908023834228516,36.948448181152344,35.210174560546875,35.776126861572266,28.40201759338379,11760148
2009-11-11,36.0186767578125,36.099525451660156,34.03784942626953,35.45272445678711,28.145282745361328,21684527
2009-11-12,35.331451416015625,35.49314880371094,34.886775970458984,35.2505989074707,27.98480796813965,7821645
2009-11-13,35.331451416015625,35.73569869995117,35.16975021362305,35.49314880371094,28.17737579345703,4900161
2009-11-16,35.89739990234375,35.89739990234375,34.96762466430664,35.16975021362305,27.920631408691406,8627706
2009-11-17,34.96762466430664,36.139949798583984,34.96762466430664,35.776126861572266,28.40201759338379,14121732
2009-11-18,35.978248596191406,35.978248596191406,34.846351623535156,35.0484733581543,27.824350357055664,7903080
2009-11-19,34.56337356567383,34.68465042114258,33.22935104370117,34.280399322509766,27.214590072631836,7143748
2009-11-20,33.957000732421875,34.07827377319336,33.269775390625,33.471900939941406,26.572731018066406,5624317
2009-11-23,33.957000732421875,34.60380172729492,33.43147659301758,33.55274963378906,26.63692283630371,7534719
2009-11-24,33.71445083618164,33.835723876953125,32.86552429199219,33.10807418823242,26.283905029296875,5534051
2009-11-25,33.14849853515625,33.71445083618164,33.10807418823242,33.471900939941406,26.572731018066406,3847965
2009-11-27,32.461273193359375,33.55274963378906,32.137874603271484,33.14849853515625,26.31599235534668,4095238
2009-11-30,32.7442512512207,32.86552429199219,31.81447410583496,32.38042449951172,25.706241607666016,9641113
2009-12-01,32.62297439575195,33.55274963378906,32.461273193359375,33.22935104370117,26.38018035888672,9768732
2009-12-02,33.22935104370117,33.75487518310547,32.82509994506836,33.31019973754883,26.444374084472656,6722820
2009-12-03,33.14849853515625,33.55274963378906,32.461273193359375,32.461273193359375,25.770423889160156,7440173
2009-12-04,32.98680114746094,33.31019973754883,32.50170135498047,33.067649841308594,26.251811981201172,7447669
2009-12-07,32.86552429199219,33.350624084472656,32.78467559814453,32.86552429199219,26.09136199951172,4251577
2009-12-08,33.512325286865234,35.0484733581543,33.269775390625,34.846351623535156,27.66388702392578,13735758
2009-12-09,34.846351623535156,34.846351623535156,33.63359832763672,34.320823669433594,27.246686935424805,6157180
2009-12-10,34.442100524902344,34.60380172729492,33.957000732421875,34.19955062866211,27.150405883789062,5175362
2009-12-11,34.11869812011719,34.60380172729492,34.11869812011719,34.56337356567383,27.43924331665039,5339988
2009-12-14,34.15912628173828,34.280399322509766,33.22935104370117,33.55274963378906,26.63692283630371,11762400
2009-12-15,33.391048431396484,34.11869812011719,33.14849853515625,33.55274963378906,26.63692283630371,6940087
2009-12-16,33.75487518310547,33.9974250793457,33.43147659301758,33.43147659301758,26.540653228759766,3673667
2009-12-17,33.067649841308594,33.512325286865234,32.7442512512207,32.78467559814453,26.027170181274414,4770167
2009-12-18,33.14849853515625,35.00804901123047,33.027225494384766,34.48252487182617,27.375049591064453,18175387
2009-12-21,34.725074768066406,34.886775970458984,33.67402648925781,33.91657638549805,26.925756454467773,7264836
2009-12-22,33.87614822387695,33.9974250793457,32.42084884643555,32.7442512512207,25.995071411132812,9707631
2009-12-23,32.905948638916016,33.10807418823242,32.0166015625,32.05702590942383,25.44950294494629,9174397
2009-12-24,32.42084884643555,32.7442512512207,32.137874603271484,32.259151458740234,25.609956741333008,3781769
2009-12-28,32.34000015258789,32.66339874267578,31.0059757232666,31.693199157714844,25.160659790039062,8326481
2009-12-29,31.733625411987305,31.935749053955078,31.086824417114258,31.5314998626709,25.032285690307617,4424861
2009-12-30,31.571924209594727,31.571924209594727,31.04640007019043,31.329374313354492,24.871826171875,5604428
2009-12-31,31.248525619506836,31.774049758911133,31.0059757232666,31.369800567626953,24.903926849365234,4787755
2010-01-04,31.854900360107422,32.42084884643555,31.81447410583496,32.21872329711914,25.577865600585938,7511713
2010-01-05,32.137874603271484,33.391048431396484,31.208099365234375,31.774049758911133,25.224842071533203,18863970
2010-01-06,32.34000015258789,32.50170135498047,31.854900360107422,32.21872329711914,25.577865600585938,12137069
2010-01-07,32.38042449951172,33.10807418823242,32.21872329711914,32.86552429199219,26.09136199951172,13517526
2010-01-08,32.703826904296875,32.82509994506836,31.248525619506836,31.369800567626953,24.903926849365234,18596092
2010-01-11,31.854900360107422,31.854900360107422,31.0059757232666,31.04640007019043,24.64718246459961,10368856
2010-01-12,30.884700775146484,30.925125122070312,29.67194938659668,29.914499282836914,23.74858283996582,10715498
2010-01-13,29.954925537109375,30.925125122070312,29.954925537109375,30.722999572753906,24.390432357788086,8125690
2010-01-14,30.56130027770996,31.612350463867188,30.520875930786133,31.167675018310547,24.743453979492188,11342560
2010-01-15,31.12725067138672,31.248525619506836,30.440025329589844,30.64215087890625,24.326250076293945,9741126
2010-01-19,30.64215087890625,31.086824417114258,30.11662483215332,30.884700775146484,24.518808364868164,6744168
2010-01-20,30.56130027770996,30.56130027770996,29.874074935913086,30.237899780273438,24.005325317382812,7053531
2010-01-21,30.440025329589844,30.64215087890625,29.591100692749023,29.793224334716797,23.65230941772461,9960989
2010-01-22,29.510250091552734,30.076200485229492,28.944299697875977,29.146425247192383,23.13882064819336,10517477
2010-01-25,29.71237564086914,30.076200485229492,28.984725952148438,29.025150299072266,23.042543411254883,8891948
2010-01-26,29.146425247192383,29.550674438476562,28.863449096679688,29.065574645996094,23.074636459350586,7430006
2010-01-27,29.106000900268555,30.076200485229492,28.984725952148438,29.914499282836914,23.74858283996582,11567644
2010-01-28,26.882625579833984,27.56985092163086,25.589025497436523,26.19540023803711,20.796066284179688,32895708
2010-01-29,25.993274688720703,26.033700942993164,24.41670036315918,24.86137580871582,19.73699378967285,25815609
2010-02-01,25.18477439880371,25.66987419128418,24.90180015563965,25.589025497436523,20.314668655395508,16983723
2010-02-02,25.75072479248047,26.680500030517578,25.306049346923828,26.478374481201172,21.020708084106445,15761732
2010-02-03,26.437950134277344,27.56985092163086,26.2762508392334,27.04432487487793,21.469999313354492,18683389
2010-02-04,26.64007568359375,26.680500030517578,25.427324295043945,25.548599243164062,20.282573699951172,17730142
2010-02-05,26.235824584960938,26.2762508392334,25.589025497436523,25.871999740600586,20.53931427001953,15581274
2010-02-08,26.761350631713867,27.084749221801758,26.316675186157227,26.55922508239746,21.084890365600586,11028448
2010-02-09,26.882625579833984,27.165599822998047,26.235824584960938,26.437950134277344,20.988618850708008,8672183
2010-02-10,26.478374481201172,27.04432487487793,26.397525787353516,26.801774978637695,21.27744483947754,8172863
2010-02-11,26.680500030517578,26.96347427368164,26.55922508239746,26.882625579833984,21.34163475036621,7431268
2010-02-12,27.5294246673584,29.469825744628906,27.286874771118164,28.90387535095215,22.946264266967773,22203612
2010-02-16,29.469825744628906,29.67194938659668,28.90387535095215,29.34855079650879,23.299285888671875,9826395
2010-02-17,29.429399490356445,29.510250091552734,28.2570743560791,28.74217414855957,22.817893981933594,9358194
2010-02-18,28.661325454711914,28.74217414855957,28.216650009155273,28.33792495727539,22.496963500976562,6442078
2010-02-19,28.2570743560791,28.580474853515625,28.095375061035156,28.33792495727539,22.496963500976562,4358268
2010-02-22,28.41877555847168,28.499624252319336,27.650699615478516,27.771974563598633,22.04766273498535,7112356
2010-02-23,27.731550216674805,27.771974563598633,27.286874771118164,27.40814971923828,21.758840560913086,5608905
2010-02-24,27.5294246673584,27.650699615478516,27.246450424194336,27.44857406616211,21.790931701660156,5046432
2010-02-25,27.04432487487793,27.771974563598633,26.720924377441406,27.691125869750977,21.983489990234375,6598466
2010-02-26,27.286874771118164,27.691125869750977,27.084749221801758,27.327299118041992,21.694644927978516,6343030
2010-03-01,27.40814971923828,27.5294246673584,26.720924377441406,27.246450424194336,21.63046646118164,4802028
2010-03-02,27.367725372314453,27.56985092163086,26.923049926757812,27.5294246673584,21.855117797851562,6342288
2010-03-03,27.56985092163086,28.297500610351562,27.56985092163086,27.771974563598633,22.04766273498535,5289870
2010-03-04,27.89324951171875,27.89324951171875,27.206024169921875,27.48900032043457,21.82301902770996,4526432
2010-03-05,27.691125869750977,28.297500610351562,27.5294246673584,28.095375061035156,22.304412841796875,5401657
2010-03-08,28.216650009155273,28.216650009155273,27.731550216674805,27.93367576599121,22.17604637145996,4038392
2010-03-09,27.610275268554688,28.41877555847168,27.5294246673584,28.176225662231445,22.36859893798828,6739740
2010-03-10,28.054950714111328,29.065574645996094,28.054950714111328,28.74217414855957,22.817893981933594,5265158
2010-03-11,28.620899200439453,28.944299697875977,28.33792495727539,28.41877555847168,22.561155319213867,4799357
2010-03-12,28.37834930419922,28.701749801635742,28.095375061035156,28.33792495727539,22.496963500976562,3679802
2010-03-15,28.216650009155273,28.499624252319336,27.731550216674805,28.41877555847168,22.561155319213867,5430872
2010-03-16,28.37834930419922,29.954925537109375,28.37834930419922,29.833650588989258,23.68440055847168,9864440
2010-03-17,29.954925537109375,29.995349884033203,29.146425247192383,29.388975143432617,23.33138084411621,5569870
2010-03-18,29.308124542236328,29.914499282836914,29.18684959411621,29.71237564086914,23.588119506835938,3944490
2010-03-19,29.025150299072266,29.995349884033203,28.701749801635742,29.025150299072266,23.042543411254883,5803562
2010-03-22,28.78260040283203,29.63152503967285,28.74217414855957,29.34855079650879,23.299285888671875,3685318
2010-03-23,29.550674438476562,29.954925537109375,29.388975143432617,29.71237564086914,23.588119506835938,4263006
2010-03-24,29.63152503967285,29.75279998779297,29.2677001953125,29.308124542236328,23.26719093322754,3234805
2010-03-25,29.71237564086914,30.359174728393555,29.227275848388672,29.2677001953125,23.2351016998291,7510946
2010-03-26,29.146425247192383,29.71237564086914,28.90387535095215,28.984725952148438,23.01045036315918,6480124
2010-03-29,29.18684959411621,29.469825744628906,29.025150299072266,29.227275848388672,23.20301055908203,3114137
2010-03-30,29.227275848388672,29.510250091552734,28.82302474975586,29.106000900268555,23.10673713684082,3279159
2010-03-31,28.863449096679688,29.146425247192383,28.33792495727539,28.37834930419922,22.529064178466797,4562548
2010-04-01,28.701749801635742,29.065574645996094,28.297500610351562,28.540050506591797,22.65743637084961,6154533
2010-04-05,28.580474853515625,29.025150299072266,28.216650009155273,28.944299697875977,22.978355407714844,5553395
2010-04-06,28.661325454711914,29.793224334716797,28.620899200439453,29.429399490356445,23.363475799560547,6600297
2010-04-07,29.2677001953125,29.510250091552734,29.106000900268555,29.227275848388672,23.20301055908203,3832059
2010-04-08,29.106000900268555,30.11662483215332,28.90387535095215,30.03577423095703,23.844858169555664,6909635
2010-04-09,29.995349884033203,30.03577423095703,29.67194938659668,29.874074935913086,23.71648597717285,3692195
2010-04-12,29.793224334716797,30.359174728393555,29.67194938659668,29.995349884033203,23.812767028808594,7050860
2010-04-13,29.914499282836914,30.318750381469727,29.63152503967285,29.954925537109375,23.780672073364258,5797328
2010-04-14,30.237899780273438,31.329374313354492,30.15704917907715,31.0059757232666,24.615079879760742,7744292
2010-04-15,30.763425827026367,31.329374313354492,30.60172462463379,30.682575225830078,24.358341217041016,6791268
2010-04-16,30.440025329589844,30.480449676513672,29.025150299072266,29.550674438476562,23.459745407104492,10536970
2010-04-19,29.388975143432617,30.076200485229492,29.308124542236328,29.874074935913086,23.71648597717285,4394261
2010-04-20,29.954925537109375,30.15704917907715,29.510250091552734,29.995349884033203,23.812767028808594,4943995
2010-04-21,29.874074935913086,29.914499282836914,29.388975143432617,29.67194938659668,23.556032180786133,4268126
2010-04-22,29.065574645996094,29.106000900268555,28.216650009155273,28.620899200439453,22.721620559692383,12277502
2010-04-23,28.701749801635742,29.469825744628906,28.540050506591797,28.661325454711914,22.753707885742188,8342709
2010-04-26,28.863449096679688,29.106000900268555,28.41877555847168,28.944299697875977,22.978355407714844,5204725
2010-04-27,28.661325454711914,28.863449096679688,27.812400817871094,27.93367576599121,22.17604637145996,7524972
2010-04-28,27.610275268554688,28.135799407958984,27.246450424194336,27.97410011291504,22.2081356048584,12738701
2010-04-29,30.03577423095703,30.359174728393555,28.661325454711914,28.944299697875977,22.978355407714844,14307706
2010-04-30,28.944299697875977,29.18684959411621,28.216650009155273,28.580474853515625,22.689525604248047,8985801
2010-05-03,28.984725952148438,29.065574645996094,28.135799407958984,28.701749801635742,22.78580093383789,6539122
2010-05-04,28.499624252319336,28.74217414855957,27.93367576599121,28.135799407958984,22.33650779724121,7679579
2010-05-05,28.054950714111328,28.33792495727539,27.48900032043457,27.771974563598633,22.04766273498535,7926555
2010-05-06,27.691125869750977,28.2570743560791,25.265625,27.0039005279541,21.437911987304688,11433741
2010-05-07,26.842199325561523,27.327299118041992,26.19540023803711,26.680500030517578,21.181169509887695,11715201
2010-05-10,27.771974563598633,28.176225662231445,27.5294246673584,28.054950714111328,22.272323608398438,6915473
2010-05-11,27.852825164794922,28.78260040283203,27.771974563598633,28.2570743560791,22.432783126831055,9079654
2010-05-12,28.2570743560791,28.701749801635742,28.135799407958984,28.216650009155273,22.40068817138672,6863377
2010-05-13,28.014524459838867,28.135799407958984,27.5294246673584,27.650699615478516,21.95138931274414,7832084
2010-05-14,27.56985092163086,27.610275268554688,27.04432487487793,27.44857406616211,21.790931701660156,8622263
2010-05-17,27.286874771118164,27.771974563598633,27.206024169921875,27.691125869750977,21.983489990234375,5734471
2010-05-18,28.014524459838867,28.176225662231445,27.286874771118164,27.40814971923828,21.758840560913086,6882845
2010-05-19,27.367725372314453,27.89324951171875,27.12517547607422,27.5294246673584,21.855117797851562,7682622
2010-05-20,26.96347427368164,27.771974563598633,26.720924377441406,27.084749221801758,21.502098083496094,10468695
2010-05-21,26.720924377441406,27.89324951171875,26.55922508239746,27.650699615478516,21.95138931274414,8051528
2010-05-24,27.246450424194336,27.691125869750977,27.12517547607422,27.206024169921875,21.598377227783203,4170959
2010-05-25,26.720924377441406,27.327299118041992,26.316675186157227,27.286874771118164,21.662561416625977,6381991
2010-05-26,27.165599822998047,28.135799407958984,27.084749221801758,27.327299118041992,21.694644927978516,7150996
2010-05-27,27.852825164794922,28.014524459838867,27.650699615478516,27.97410011291504,22.2081356048584,4696376
2010-05-28,27.93367576599121,28.054950714111328,27.44857406616211,27.691125869750977,21.983489990234375,4255411
2010-06-01,27.367725372314453,27.93367576599121,27.04432487487793,27.084749221801758,21.502098083496094,3796834
2010-06-02,27.327299118041992,27.771974563598633,27.206024169921875,27.691125869750977,21.983489990234375,3990105
2010-06-03,27.610275268554688,27.812400817871094,27.286874771118164,27.771974563598633,22.04766273498535,4220730
2010-06-04,27.40814971923828,27.56985092163086,26.842199325561523,27.084749221801758,21.502098083496094,7165863
2010-06-07,27.084749221801758,27.246450424194336,26.437950134277344,26.55922508239746,21.084890365600586,6482523
2010-06-08,26.397525787353516,27.0039005279541,26.357099533081055,26.923049926757812,21.37372398376465,5775733
2010-06-09,26.96347427368164,27.5294246673584,26.842199325561523,27.0039005279541,21.437911987304688,5935584
2010-06-10,27.40814971923828,28.41877555847168,27.165599822998047,27.650699615478516,21.95138931274414,5256994
2010-06-11,27.650699615478516,29.065574645996094,27.327299118041992,28.74217414855957,22.817893981933594,7615560
2010-06-14,28.984725952148438,29.065574645996094,28.095375061035156,28.135799407958984,22.33650779724121,4639011
2010-06-15,28.33792495727539,28.984725952148438,28.2570743560791,28.540050506591797,22.65743637084961,7605739
2010-06-16,28.054950714111328,28.984725952148438,28.054950714111328,28.74217414855957,22.817893981933594,5671218
2010-06-17,28.701749801635742,29.065574645996094,28.2570743560791,29.065574645996094,23.074636459350586,5730983
2010-06-18,28.984725952148438,29.34855079650879,28.78260040283203,29.34855079650879,23.299285888671875,6651404
2010-06-21,29.550674438476562,29.833650588989258,28.82302474975586,28.984725952148438,23.01045036315918,3765788
2010-06-22,28.90387535095215,29.591100692749023,28.82302474975586,29.106000900268555,23.10673713684082,5287075
2010-06-23,29.025150299072266,29.75279998779297,28.540050506591797,29.510250091552734,23.427650451660156,6645665
2010-06-24,29.227275848388672,29.2677001953125,28.135799407958984,28.2570743560791,22.432783126831055,5186815
2010-06-25,28.37834930419922,28.984725952148438,28.095375061035156,28.580474853515625,22.689525604248047,6232084
2010-06-28,28.82302474975586,29.065574645996094,28.499624252319336,28.580474853515625,22.689525604248047,4539617
2010-06-29,28.33792495727539,28.33792495727539,27.206024169921875,27.48900032043457,21.82301902770996,7313247
2010-06-30,27.44857406616211,27.771974563598633,26.2762508392334,26.357099533081055,20.924423217773438,11106024
2010-07-01,26.437950134277344,26.59964942932129,25.71030044555664,26.357099533081055,20.924423217773438,8795696
2010-07-02,26.397525787353516,26.478374481201172,25.871999740600586,26.19540023803711,20.796066284179688,7831614
2010-07-06,26.64007568359375,27.0039005279541,26.235824584960938,26.437950134277344,20.988618850708008,6148942
2010-07-07,26.478374481201172,27.56985092163086,26.478374481201172,27.44857406616211,21.790931701660156,4546939
2010-07-08,27.650699615478516,27.852825164794922,27.286874771118164,27.691125869750977,21.983489990234375,3544119
2010-07-09,27.650699615478516,27.691125869750977,27.084749221801758,27.327299118041992,21.694644927978516,5123438
2010-07-12,27.206024169921875,28.499624252319336,27.206024169921875,28.2570743560791,22.432783126831055,7078367
2010-07-13,28.620899200439453,29.429399490356445,28.33792495727539,29.146425247192383,23.13882064819336,8291255
2010-07-14,29.388975143432617,30.56130027770996,29.34855079650879,30.15704917907715,23.94113540649414,11791639
2010-07-15,30.722999572753906,31.329374313354492,30.15704917907715,31.208099365234375,24.775550842285156,12742536
2010-07-16,31.04640007019043,31.5314998626709,30.03577423095703,30.318750381469727,24.06951141357422,8618677
2010-07-19,30.884700775146484,32.461273193359375,30.359174728393555,32.0166015625,25.417402267456055,12691082
2010-07-20,31.652774810791016,32.7442512512207,30.884700775146484,32.34000015258789,25.674142837524414,15248633
2010-07-21,32.259151458740234,32.38042449951172,31.45064926147461,31.97617530822754,25.38530921936035,10062239
2010-07-22,32.21872329711914,32.34000015258789,31.12725067138672,31.49107551574707,25.000202178955078,9530612
2010-07-23,31.329374313354492,31.854900360107422,30.682575225830078,31.329374313354492,24.871826171875,10177563
2010-07-26,31.329374313354492,31.97617530822754,31.04640007019043,31.774049758911133,25.224842071533203,9148745
2010-07-27,32.0166015625,32.259151458740234,31.208099365234375,31.288949966430664,24.83973503112793,7668324
2010-07-28,31.208099365234375,31.369800567626953,30.803850173950195,31.04640007019043,24.64718246459961,8641732
2010-07-29,31.086824417114258,32.461273193359375,30.763425827026367,30.763425827026367,24.422529220581055,19276611
2010-07-30,30.722999572753906,30.884700775146484,30.11662483215332,30.278324127197266,24.037416458129883,13104910
2010-08-02,30.722999572753906,31.086824417114258,30.399599075317383,30.803850173950195,24.454627990722656,7615015
2010-08-03,30.520875930786133,31.04640007019043,30.237899780273438,30.803850173950195,24.454627990722656,8459344
2010-08-04,31.733625411987305,33.067649841308594,31.41022491455078,32.582550048828125,25.866701126098633,18302832
2010-08-05,32.461273193359375,33.067649841308594,31.733625411987305,32.42084884643555,25.738327026367188,8626766
2010-08-06,32.137874603271484,32.42084884643555,31.652774810791016,32.34000015258789,25.674142837524414,5263896
2010-08-09,32.5421257019043,32.82509994506836,32.17829895019531,32.259151458740234,25.609956741333008,4165071
2010-08-10,31.97617530822754,32.66339874267578,31.693199157714844,32.50170135498047,25.802509307861328,7271293
2010-08-11,31.89532470703125,31.89532470703125,30.96554946899414,31.12725067138672,24.71135902404785,6052047
2010-08-12,30.763425827026367,32.7442512512207,30.64215087890625,32.42084884643555,25.738327026367188,13283884
2010-08-13,32.259151458740234,32.42084884643555,30.803850173950195,30.884700775146484,24.518808364868164,10691899
2010-08-16,30.763425827026367,31.774049758911133,30.64215087890625,31.571924209594727,25.064380645751953,6415411
2010-08-17,31.774049758911133,31.935749053955078,31.329374313354492,31.5314998626709,25.032285690307617,4127297
2010-08-18,31.49107551574707,31.854900360107422,31.369800567626953,31.49107551574707,25.000202178955078,4000346
2010-08-19,31.571924209594727,31.571924209594727,30.19747543334961,30.480449676513672,24.197877883911133,8259493
2010-08-20,30.359174728393555,30.844274520874023,30.03577423095703,30.237899780273438,24.005325317382812,8723908
2010-08-23,30.399599075317383,30.722999572753906,29.954925537109375,30.076200485229492,23.876953125,7037477
2010-08-24,29.63152503967285,30.56130027770996,29.469825744628906,30.15704917907715,23.94113540649414,5294867
2010-08-25,29.833650588989258,30.480449676513672,29.833650588989258,30.318750381469727,24.06951141357422,4696920
2010-08-26,30.399599075317383,30.56130027770996,30.11662483215332,30.318750381469727,24.06951141357422,5950056
2010-08-27,30.803850173950195,31.329374313354492,30.237899780273438,31.04640007019043,24.64718246459961,6947087
2010-08-30,30.884700775146484,31.0059757232666,30.318750381469727,30.399599075317383,24.133691787719727,5115399
2010-08-31,30.399599075317383,30.722999572753906,30.278324127197266,30.399599075317383,24.133691787719727,6467656
2010-09-01,30.925125122070312,31.693199157714844,30.925125122070312,31.248525619506836,24.807636260986328,6712777
2010-09-02,31.248525619506836,31.935749053955078,30.96554946899414,31.774049758911133,25.224842071533203,5043983
2010-09-03,32.097450256347656,32.38042449951172,31.733625411987305,32.097450256347656,25.481584548950195,4501620
2010-09-07,32.05702590942383,32.05702590942383,31.288949966430664,31.652774810791016,25.12856101989746,3877081
2010-09-08,31.693199157714844,32.461273193359375,31.49107551574707,32.259151458740234,25.609956741333008,5852665
2010-09-09,32.461273193359375,32.905948638916016,32.0166015625,32.259151458740234,25.609956741333008,4212542
2010-09-10,32.097450256347656,32.66339874267578,31.81447410583496,32.0166015625,25.417402267456055,5931033
2010-09-13,32.34000015258789,33.55274963378906,32.21872329711914,33.471900939941406,26.572731018066406,7679283
2010-09-14,33.269775390625,33.63359832763672,32.82509994506836,33.350624084472656,26.47646141052246,4696648
2010-09-15,33.350624084472656,33.87614822387695,32.82509994506836,33.7952995300293,26.829479217529297,6709907
2010-09-16,33.7952995300293,34.03784942626953,33.31019973754883,33.9974250793457,26.98995018005371,5165665
2010-09-17,34.15912628173828,34.320823669433594,33.350624084472656,33.87614822387695,26.893667221069336,6438169
2010-09-20,33.957000732421875,34.15912628173828,33.55274963378906,34.15912628173828,27.11831283569336,5069314
2010-09-21,33.957000732421875,34.19955062866211,33.512325286865234,33.67402648925781,26.733196258544922,4657118
2010-09-22,33.55274963378906,33.835723876953125,33.22935104370117,33.512325286865234,26.604833602905273,3558169
2010-09-23,33.10807418823242,33.9974250793457,32.98680114746094,33.87614822387695,26.893667221069336,5192134
2010-09-24,34.15912628173828,35.331451416015625,33.9974250793457,35.08890151977539,27.856449127197266,8178256
2010-09-27,34.886775970458984,35.0484733581543,34.52294921875,34.68465042114258,27.535524368286133,4403983
2010-09-28,34.64422607421875,34.765499114990234,33.957000732421875,34.68465042114258,27.535524368286133,5338924
2010-09-29,34.36125183105469,34.725074768066406,34.15912628173828,34.60380172729492,27.47133445739746,3678417
2010-09-30,34.60380172729492,35.08890151977539,33.87614822387695,34.48252487182617,27.375049591064453,4195127
2010-10-01,34.60380172729492,34.96762466430664,34.320823669433594,34.60380172729492,27.47133445739746,3941670
2010-10-04,34.442100524902344,34.846351623535156,33.71445083618164,34.19955062866211,27.150405883789062,5255238
2010-10-05,34.03784942626953,34.96762466430664,34.03784942626953,34.92720031738281,27.728076934814453,5759208
2010-10-06,34.48252487182617,35.2505989074707,34.11869812011719,34.60380172729492,27.47133445739746,6823401
2010-10-07,34.765499114990234,35.00804901123047,34.07827377319336,34.725074768066406,27.567604064941406,5041459
2010-10-08,34.19955062866211,34.19955062866211,33.22935104370117,33.55274963378906,26.63692283630371,10637625
2010-10-11,33.471900939941406,33.87614822387695,33.31019973754883,33.512325286865234,26.604833602905273,6051973
2010-10-12,33.350624084472656,33.55274963378906,32.50170135498047,32.86552429199219,26.09136199951172,11937984
2010-10-13,32.98680114746094,33.188926696777344,32.66339874267578,32.82509994506836,26.059255599975586,8477477
2010-10-14,32.703826904296875,32.905948638916016,31.854900360107422,32.17829895019531,25.5457706451416,8487669
2010-10-15,32.5421257019043,32.66339874267578,31.935749053955078,32.137874603271484,25.51367950439453,8254150
2010-10-18,31.81447410583496,32.05702590942383,31.248525619506836,31.89532470703125,25.321121215820312,8935090
2010-10-19,31.571924209594727,32.38042449951172,31.329374313354492,31.89532470703125,25.321121215820312,8517254
2010-10-20,32.137874603271484,32.42084884643555,31.97617530822754,32.17829895019531,25.5457706451416,5196710
2010-10-21,32.21872329711914,32.34000015258789,31.12725067138672,31.369800567626953,24.903926849365234,7995770
2010-10-22,31.329374313354492,32.0166015625,31.288949966430664,31.652774810791016,25.12856101989746,4804725
2010-10-25,31.774049758911133,32.34000015258789,31.693199157714844,32.05702590942383,25.44950294494629,3911837
2010-10-26,31.854900360107422,32.461273193359375,31.774049758911133,31.774049758911133,25.224842071533203,5380458
2010-10-27,32.097450256347656,32.86552429199219,31.89532470703125,32.703826904296875,25.962976455688477,12323463
2010-10-28,34.442100524902344,35.210174560546875,32.703826904296875,32.86552429199219,26.09136199951172,22604032
2010-10-29,32.703826904296875,33.22935104370117,32.461273193359375,32.98680114746094,26.187631607055664,6123810
2010-11-01,32.905948638916016,33.350624084472656,32.21872329711914,32.42084884643555,25.738327026367188,6076042
2010-11-02,32.62297439575195,32.703826904296875,31.81447410583496,32.34000015258789,25.674142837524414,14025826
2010-11-03,32.78467559814453,32.78467559814453,31.935749053955078,32.5421257019043,25.834609985351562,7236735
2010-11-04,32.78467559814453,32.86552429199219,32.42084884643555,32.7442512512207,25.995071411132812,5803290
2010-11-05,32.703826904296875,33.188926696777344,32.5421257019043,33.14849853515625,26.31599235534668,4015090
2010-11-08,32.98680114746094,33.471900939941406,32.62297439575195,32.94637680053711,26.155527114868164,4395968
2010-11-09,32.98680114746094,33.471900939941406,32.7442512512207,33.188926696777344,26.34808921813965,6265603
2010-11-10,33.027225494384766,33.188926696777344,32.582550048828125,33.14849853515625,26.31599235534668,4376277
2010-11-11,32.50170135498047,32.94637680053711,31.652774810791016,32.7442512512207,25.995071411132812,10772690
2010-11-12,32.5421257019043,32.703826904296875,32.0166015625,32.29957580566406,25.64204978942871,4734075
2010-11-15,32.98680114746094,33.14849853515625,32.05702590942383,32.097450256347656,25.481584548950195,5972517
2010-11-16,32.461273193359375,32.50170135498047,31.49107551574707,31.571924209594727,25.064380645751953,6135510
2010-11-17,31.652774810791016,32.259151458740234,31.571924209594727,31.97617530822754,25.38530921936035,5391070
2010-11-18,32.42084884643555,32.98680114746094,32.259151458740234,32.905948638916016,26.123441696166992,5482301
2010-11-19,32.703826904296875,33.10807418823242,32.461273193359375,32.82509994506836,26.059255599975586,5695510
2010-11-22,32.5421257019043,32.905948638916016,32.137874603271484,32.703826904296875,25.962976455688477,4738800
2010-11-23,32.259151458740234,32.38042449951172,31.571924209594727,31.774049758911133,25.224842071533203,7189957
2010-11-24,31.935749053955078,32.34000015258789,31.693199157714844,32.05702590942383,25.44950294494629,5388077
2010-11-26,31.652774810791016,31.854900360107422,31.571924209594727,31.612350463867188,25.096473693847656,1834286
2010-11-29,31.49107551574707,31.733625411987305,31.12725067138672,31.41022491455078,24.936016082763672,5486407
2010-11-30,31.167675018310547,31.5314998626709,30.925125122070312,30.96554946899414,24.582992553710938,7474286
2010-12-01,31.81447410583496,33.14849853515625,31.612350463867188,32.38042449951172,25.706241607666016,14118986
2010-12-02,31.89532470703125,32.38042449951172,31.81447410583496,32.21872329711914,25.577865600585938,12972418
2010-12-03,32.05702590942383,33.391048431396484,31.733625411987305,33.31019973754883,26.444374084472656,15729821
2010-12-06,32.94637680053711,33.512325286865234,32.94637680053711,33.10807418823242,26.283905029296875,8428423
2010-12-07,33.14849853515625,33.350624084472656,32.66339874267578,32.703826904296875,25.962976455688477,5884329
2010-12-08,32.703826904296875,33.43147659301758,32.62297439575195,33.269775390625,26.412281036376953,6480074
2010-12-09,33.14849853515625,33.957000732421875,32.905948638916016,33.71445083618164,26.76530647277832,6174026
2010-12-10,33.67402648925781,35.12932586669922,33.63359832763672,34.92720031738281,27.728076934814453,16579419
2010-12-13,34.96762466430664,35.331451416015625,34.07827377319336,34.19955062866211,27.150405883789062,9971899
2010-12-14,33.91657638549805,34.48252487182617,33.87614822387695,34.19955062866211,27.150405883789062,5425356
2010-12-15,33.91657638549805,34.52294921875,33.75487518310547,34.23997497558594,27.182504653930664,7405912
2010-12-16,34.280399322509766,36.18037414550781,34.280399322509766,35.89739990234375,28.49830436706543,21320569
2010-12-17,35.816551208496094,36.0186767578125,35.37187576293945,35.89739990234375,28.49830436706543,9365516
2010-12-20,35.89739990234375,36.18037414550781,35.210174560546875,35.89739990234375,28.49830436706543,7319085
2010-12-21,35.978248596191406,37.029300689697266,35.695274353027344,36.38249969482422,28.883411407470703,7528782
2010-12-22,36.22079849243164,37.11014938354492,36.139949798583984,36.7463264465332,29.1722469329834,7314434
2010-12-23,36.7463264465332,37.029300689697266,36.38249969482422,36.584625244140625,29.043865203857422,5411800
2010-12-27,36.70589828491211,36.7463264465332,35.89739990234375,36.34207534790039,28.851320266723633,3100507
2010-12-28,36.22079849243164,36.584625244140625,36.099525451660156,36.22079849243164,28.755041122436523,2419048
2010-12-29,36.18037414550781,36.463348388671875,36.099525451660156,36.261226654052734,28.787137985229492,1933457
2010-12-30,36.22079849243164,36.463348388671875,36.05910110473633,36.05910110473633,28.62668228149414,2779790
2010-12-31,36.0186767578125,36.7463264465332,35.978248596191406,36.66547393798828,29.108064651489258,3136574
2011-01-03,36.78675079345703,37.31227493286133,36.70589828491211,36.82717514038086,29.236427307128906,1119035
2011-01-04,37.29999923706055,39.9900016784668,37.119998931884766,39.77000045776367,31.572683334350586,12818600
2011-01-05,39.09000015258789,40.369998931884766,39.0,39.83000183105469,31.62032699584961,7825500
2011-01-06,39.91999816894531,40.09000015258789,39.02000045776367,39.68000030517578,31.501243591308594,6588800
2011-01-07,39.540000915527344,39.650001525878906,38.529998779296875,38.900001525878906,30.882007598876953,5385000
2011-01-10,38.630001068115234,39.310001373291016,38.349998474121094,38.529998779296875,30.588274002075195,5551900
2011-01-11,38.61000061035156,38.95000076293945,38.16999816894531,38.380001068115234,30.469188690185547,4992700
2011-01-12,38.31999969482422,38.599998474121094,37.84000015258789,37.959999084472656,30.135766983032227,5618700
2011-01-13,37.77000045776367,38.16999816894531,37.77000045776367,37.849998474121094,30.04843521118164,4711100
2011-01-14,37.68000030517578,38.290000915527344,37.560001373291016,38.279998779296875,30.389808654785156,4145000
2011-01-18,37.93000030517578,38.189998626708984,37.599998474121094,37.709999084472656,29.937286376953125,2717200
2011-01-19,37.54999923706055,37.619998931884766,37.119998931884766,37.34000015258789,29.643550872802734,3626900
2011-01-20,37.189998626708984,37.34000015258789,36.52000045776367,37.040000915527344,29.405385971069336,3609700
2011-01-21,37.2599983215332,37.65999984741211,37.06999969482422,37.150001525878906,29.492712020874023,3233400
2011-01-24,37.130001068115234,38.68000030517578,37.130001068115234,38.65999984741211,30.691469192504883,7372400
2011-01-25,37.95000076293945,38.7400016784668,37.72999954223633,38.70000076293945,30.723234176635742,5569600
2011-01-26,38.619998931884766,39.400001525878906,38.599998474121094,39.2400016784668,31.15192413330078,5959000
2011-01-27,38.38999938964844,39.220001220703125,38.29999923706055,38.58000183105469,30.62798500061035,4044100
2011-01-28,38.790000915527344,39.040000915527344,37.869998931884766,37.959999084472656,30.135766983032227,2917500
2011-01-31,37.9900016784668,38.91999816894531,37.86000061035156,38.77000045776367,30.7788028717041,3561000
2011-02-01,38.90999984741211,39.22999954223633,38.83000183105469,39.02000045776367,30.97728157043457,4397000
2011-02-02,38.66999816894531,39.11000061035156,38.349998474121094,38.61000061035156,30.651798248291016,4227700
2011-02-03,38.5099983215332,39.029998779296875,38.380001068115234,38.790000915527344,30.7946720123291,3450500
2011-02-04,38.65999984741211,39.33000183105469,38.43000030517578,39.310001373291016,31.20751190185547,4723700
2011-02-07,39.400001525878906,40.5099983215332,39.349998474121094,40.40999984741211,32.08078384399414,5092200
2011-02-08,40.38999938964844,40.45000076293945,39.84000015258789,39.86000061035156,31.64413833618164,3618700
2011-02-09,39.790000915527344,39.97999954223633,39.470001220703125,39.54999923706055,31.398038864135742,2107900
2011-02-10,39.279998779296875,39.70000076293945,38.93000030517578,39.380001068115234,31.26308822631836,3197800
2011-02-11,39.209999084472656,39.83000183105469,39.130001068115234,39.34000015258789,31.231325149536133,3523600
2011-02-14,39.34000015258789,39.470001220703125,38.83000183105469,39.029998779296875,30.985200881958008,3231900
2011-02-15,38.81999969482422,39.290000915527344,38.54999923706055,38.79999923706055,30.80261993408203,2428200
2011-02-16,38.970001220703125,39.119998931884766,38.66999816894531,38.77000045776367,30.7788028717041,1835600
2011-02-17,38.65999984741211,38.970001220703125,38.5,38.91999816894531,30.897897720336914,2130100
2011-02-18,39.0,39.459999084472656,38.77000045776367,39.0099983215332,30.96933364868164,2477000
2011-02-22,38.58000183105469,38.79999923706055,37.959999084472656,38.040000915527344,30.19928550720215,3728700
2011-02-23,37.900001525878906,38.099998474121094,37.060001373291016,37.38999938964844,29.68324089050293,5875200
2011-02-24,37.459999084472656,37.70000076293945,37.189998626708984,37.529998779296875,29.794395446777344,3264400
2011-02-25,37.77000045776367,38.13999938964844,37.4900016784668,38.13999938964844,30.278656005859375,2741000
2011-02-28,38.310001373291016,38.709999084472656,38.16999816894531,38.63999938964844,30.675594329833984,3977400
2011-03-01,38.68000030517578,38.86000061035156,38.02000045776367,38.189998626708984,30.3183536529541,3846900
2011-03-02,37.93000030517578,39.380001068115234,37.93000030517578,39.290000915527344,31.19162368774414,5178600
2011-03-03,39.40999984741211,40.560001373291016,39.36000061035156,40.27000045776367,31.969627380371094,4480800
2011-03-04,40.150001525878906,40.22999954223633,39.900001525878906,40.150001525878906,31.87436294555664,5786800
2011-03-07,40.060001373291016,40.5,39.869998931884766,40.220001220703125,31.92995262145996,5009800
2011-03-08,40.61000061035156,41.81999969482422,40.09000015258789,41.59000015258789,33.01755142211914,5186000
2011-03-09,41.31999969482422,41.529998779296875,41.0099983215332,41.27000045776367,32.763519287109375,2355300
2011-03-10,40.7599983215332,40.869998931884766,40.2400016784668,40.29999923706055,31.993444442749023,3016900
2011-03-11,40.0099983215332,41.36000061035156,39.709999084472656,41.2400016784668,32.73968505859375,4013800
2011-03-14,40.72999954223633,41.29999923706055,40.45000076293945,40.9900016784668,32.541221618652344,4110100
2011-03-15,39.84000015258789,40.81999969482422,39.59000015258789,40.5099983215332,32.160160064697266,2775900
2011-03-16,40.29999923706055,41.45000076293945,40.150001525878906,40.63999938964844,32.26335906982422,5598600
2011-03-17,41.15999984741211,41.45000076293945,40.88999938964844,41.189998626708984,32.70000457763672,2726500
2011-03-18,41.65999984741211,41.75,41.150001525878906,41.630001068115234,33.04930877685547,2526000
2011-03-21,41.90999984741211,42.119998931884766,41.66999816894531,42.040000915527344,33.37480926513672,3296600
2011-03-22,42.130001068115234,42.709999084472656,41.970001220703125,42.65999984741211,33.867008209228516,4792200
2011-03-23,42.599998474121094,43.290000915527344,42.34000015258789,43.15999984741211,34.263946533203125,3776700
2011-03-24,43.47999954223633,44.5,43.27000045776367,44.459999084472656,35.295989990234375,4330600
2011-03-25,44.5099983215332,44.880001068115234,43.93000030517578,43.95000076293945,34.89112854003906,4813300
2011-03-28,44.06999969482422,44.2400016784668,43.869998931884766,43.970001220703125,34.90699768066406,3600400
2011-03-29,44.15999984741211,44.22999954223633,43.709999084472656,44.119998931884766,35.02607345581055,4904800
2011-03-30,44.29999923706055,44.70000076293945,44.13999938964844,44.560001373291016,35.37538528442383,2984800
2011-03-31,44.54999923706055,44.939998626708984,44.349998474121094,44.689998626708984,35.47858810424805,2221900
2011-04-01,44.7400016784668,44.869998931884766,44.150001525878906,44.400001525878906,35.24836349487305,2446000
2011-04-04,44.5,44.5,43.849998474121094,44.29999923706055,35.168975830078125,1833900
2011-04-05,43.97999954223633,44.7599983215332,43.97999954223633,44.16999816894531,35.06576156616211,2717600
2011-04-06,43.779998779296875,44.4900016784668,43.31999969482422,44.27000045776367,35.14514923095703,2353900
2011-04-07,44.11000061035156,44.68000030517578,43.970001220703125,44.2400016784668,35.121334075927734,2879700
2011-04-08,44.290000915527344,44.470001220703125,43.7400016784668,43.86000061035156,34.81964874267578,2031500
2011-04-11,43.84000015258789,44.27000045776367,43.84000015258789,44.189998626708984,35.08164596557617,2932800
2011-04-12,43.689998626708984,44.029998779296875,43.41999816894531,43.849998474121094,34.811729431152344,3179000
2011-04-13,44.0,44.540000915527344,43.900001525878906,44.18000030517578,35.07369613647461,3507000
2011-04-14,43.7400016784668,44.06999969482422,43.52000045776367,43.95000076293945,34.89112854003906,3053500
2011-04-15,44.040000915527344,44.060001373291016,43.7400016784668,43.810001373291016,34.77997970581055,2706600
2011-04-18,43.119998931884766,43.540000915527344,42.88999938964844,43.45000076293945,34.49416732788086,2471900
2011-04-19,43.61000061035156,43.970001220703125,43.400001525878906,43.869998931884766,34.82759094238281,1746900
2011-04-20,44.27000045776367,44.369998931884766,43.75,44.0,34.93080139160156,3641300
2011-04-21,44.15999984741211,44.349998474121094,43.810001373291016,44.20000076293945,35.08958053588867,3265500
2011-04-25,44.22999954223633,44.5,43.86000061035156,44.099998474121094,35.01019287109375,2624600
2011-04-26,44.2599983215332,44.470001220703125,42.5,43.47999954223633,34.51799011230469,7000000
2011-04-27,43.529998779296875,43.68000030517578,43.0099983215332,43.41999816894531,34.47034454345703,4934800
2011-04-28,44.88999938964844,47.63999938964844,44.5099983215332,46.65999984741211,37.042537689208984,8152300
2011-04-29,46.560001373291016,46.599998474121094,45.45000076293945,45.880001068115234,36.42330551147461,4032400
2011-05-02,45.97999954223633,46.4900016784668,45.58000183105469,45.59000015258789,36.193077087402344,4873400
2011-05-03,45.59000015258789,45.779998779296875,44.939998626708984,45.189998626708984,35.87553024291992,3221100
2011-05-04,45.119998931884766,45.369998931884766,44.56999969482422,44.720001220703125,35.502403259277344,4338900
2011-05-05,44.61000061035156,45.689998626708984,44.59000015258789,45.31999969482422,35.978729248046875,3687200
2011-05-06,45.650001525878906,46.529998779296875,45.29999923706055,46.02000045776367,36.534461975097656,3915900
2011-05-09,45.86000061035156,46.63999938964844,45.689998626708984,46.560001373291016,36.96315383911133,2954300
2011-05-10,46.47999954223633,47.209999084472656,46.38999938964844,47.209999084472656,37.47917556762695,3170700
2011-05-11,46.900001525878906,47.38999938964844,46.900001525878906,47.099998474121094,37.39183807373047,3359900
2011-05-12,46.880001068115234,47.5,46.70000076293945,47.2400016784668,37.50297546386719,3000000
2011-05-13,47.29999923706055,47.45000076293945,46.47999954223633,46.650001525878906,37.03459548950195,1689900
2011-05-16,46.470001220703125,46.939998626708984,46.099998474121094,46.290000915527344,36.7487907409668,2260800
2011-05-17,46.279998779296875,46.65999984741211,45.95000076293945,46.52000045776367,36.93138885498047,4116200
2011-05-18,46.45000076293945,47.13999938964844,46.38999938964844,47.08000183105469,37.3759651184082,2698600
2011-05-19,47.13999938964844,47.2599983215332,46.75,47.099998474121094,37.39183807373047,1506900
2011-05-20,47.060001373291016,47.20000076293945,46.54999923706055,46.779998779296875,37.13779830932617,1661400
2011-05-23,45.880001068115234,46.40999984741211,45.4900016784668,46.150001525878906,36.63766098022461,2490100
2011-05-24,46.470001220703125,46.880001068115234,46.290000915527344,46.349998474121094,36.79642868041992,3092700
2011-05-25,46.130001068115234,46.939998626708984,46.029998779296875,46.4900016784668,36.90757369995117,2277500
2011-05-26,46.290000915527344,47.0,46.279998779296875,46.880001068115234,37.2171745300293,1652400
2011-05-27,47.0,47.619998931884766,46.970001220703125,47.58000183105469,37.77290344238281,2123500
2011-05-31,47.7400016784668,47.900001525878906,47.369998931884766,47.869998931884766,38.003135681152344,2581000
2011-06-01,47.619998931884766,47.90999984741211,46.880001068115234,46.880001068115234,37.2171745300293,1871500
2011-06-02,46.88999938964844,47.38999938964844,46.65999984741211,47.29999923706055,37.55060577392578,1622300
2011-06-03,46.75,46.88999938964844,46.2599983215332,46.470001220703125,36.891693115234375,3768100
2011-06-06,46.43000030517578,46.83000183105469,46.22999954223633,46.45000076293945,36.87582778930664,2675500
2011-06-07,46.540000915527344,47.0,46.52000045776367,46.650001525878906,37.03459548950195,2392000
2011-06-08,46.439998626708984,46.470001220703125,45.599998474121094,45.650001525878906,36.24070739746094,3919800
2011-06-09,45.77000045776367,46.029998779296875,45.52000045776367,45.560001373291016,36.16926574707031,4927400
2011-06-10,45.599998474121094,45.63999938964844,44.72999954223633,45.29999923706055,35.96284103393555,3372500
2011-06-13,45.20000076293945,45.709999084472656,45.20000076293945,45.43000030517578,36.066062927246094,2919300
2011-06-14,45.650001525878906,46.18000030517578,45.59000015258789,45.79999923706055,36.35978698730469,3975400
2011-06-15,45.47999954223633,45.689998626708984,45.02000045776367,45.08000183105469,35.78820037841797,2820800
2011-06-16,45.189998626708984,45.61000061035156,44.779998779296875,45.2400016784668,35.91522216796875,2653700
2011-06-17,45.81999969482422,46.08000183105469,45.349998474121094,45.47999954223633,36.10576629638672,3728900
2011-06-20,45.40999984741211,45.720001220703125,45.2400016784668,45.56999969482422,36.17719268798828,2235600
2011-06-21,46.0,46.58000183105469,45.650001525878906,46.54999923706055,36.9552001953125,5336700
2011-06-22,46.290000915527344,46.5099983215332,46.040000915527344,46.060001373291016,36.56621551513672,2276500
2011-06-23,45.5099983215332,45.779998779296875,45.279998779296875,45.63999938964844,36.23278045654297,3647200
2011-06-24,45.560001373291016,45.70000076293945,45.220001220703125,45.400001525878906,36.0422477722168,3787000
2011-06-27,45.36000061035156,45.9900016784668,45.189998626708984,45.7599983215332,36.32804489135742,2347700
2011-06-28,45.869998931884766,46.20000076293945,45.70000076293945,45.900001525878906,36.43918228149414,2919300
2011-06-29,46.189998626708984,46.20000076293945,45.779998779296875,45.970001220703125,36.494754791259766,2793000
2011-06-30,45.97999954223633,46.34000015258789,45.45000076293945,46.040000915527344,36.55033493041992,3554300
2011-07-01,46.130001068115234,46.5099983215332,45.959999084472656,46.5,36.9155158996582,5539000
2011-07-05,46.34000015258789,46.41999816894531,45.560001373291016,45.63999938964844,36.23278045654297,3544100
2011-07-06,45.689998626708984,45.79999923706055,45.18000030517578,45.290000915527344,35.95491027832031,3271900
2011-07-07,45.58000183105469,45.849998474121094,45.540000915527344,45.720001220703125,36.29629135131836,4324900
2011-07-08,45.279998779296875,45.4900016784668,44.880001068115234,45.08000183105469,35.78820037841797,8572400
2011-07-11,44.650001525878906,44.720001220703125,44.060001373291016,44.13999938964844,35.04194259643555,3760400
2011-07-12,43.599998474121094,43.720001220703125,43.22999954223633,43.5,34.533878326416016,5376200
2011-07-13,43.650001525878906,44.5099983215332,43.59000015258789,44.22999954223633,35.113407135009766,6255300
2011-07-14,44.209999084472656,44.54999923706055,43.81999969482422,43.91999816894531,34.867286682128906,3341400
2011-07-15,44.209999084472656,44.209999084472656,43.619998931884766,43.959999084472656,34.899044036865234,3372800
2011-07-18,43.720001220703125,43.88999938964844,43.310001373291016,43.7400016784668,34.724422454833984,3138100
2011-07-19,43.959999084472656,44.25,43.75,44.099998474121094,35.01019287109375,2816400
2011-07-20,44.189998626708984,44.2599983215332,43.849998474121094,44.0099983215332,34.93873977661133,2286200
2011-07-21,44.150001525878906,44.5099983215332,43.9900016784668,44.310001373291016,35.176910400390625,3156700
2011-07-22,44.27000045776367,44.810001373291016,44.119998931884766,44.77000045776367,35.54209899902344,3858700
2011-07-25,44.619998931884766,45.68000030517578,44.619998931884766,45.36000061035156,36.01048278808594,5256000
2011-07-26,45.27000045776367,45.939998626708984,44.900001525878906,45.63999938964844,36.23278045654297,3578900
2011-07-27,45.18000030517578,45.619998931884766,44.279998779296875,44.31999969482422,35.184852600097656,5674500
2011-07-28,44.4900016784668,47.4900016784668,44.4900016784668,46.369998931884766,36.81229782104492,6683200
2011-07-29,45.869998931884766,45.970001220703125,44.849998474121094,44.88999938964844,35.63736343383789,4976600
2011-08-01,45.13999938964844,45.20000076293945,43.75,43.939998626708984,34.88317108154297,5029600
2011-08-02,43.54999923706055,44.040000915527344,42.88999938964844,42.88999938964844,34.04959487915039,5343800
2011-08-03,42.849998474121094,43.310001373291016,42.31999969482422,43.02000045776367,34.152809143066406,5284100
2011-08-04,42.29999923706055,42.56999969482422,41.189998626708984,41.2599983215332,32.75556945800781,5641500
2011-08-05,41.720001220703125,42.349998474121094,40.09000015258789,42.130001068115234,33.446250915527344,7631500
2011-08-08,40.720001220703125,41.189998626708984,39.40999984741211,39.439998626708984,31.310693740844727,8061800
2011-08-09,40.18000030517578,40.540000915527344,38.380001068115234,40.470001220703125,32.128414154052734,9125800
2011-08-10,39.75,40.33000183105469,39.130001068115234,39.27000045776367,31.175750732421875,7530500
2011-08-11,39.38999938964844,40.279998779296875,39.279998779296875,39.83000183105469,31.62032699584961,7951900
2011-08-12,40.36000061035156,40.36000061035156,39.4900016784668,40.0,31.755290985107422,7508300
2011-08-15,40.310001373291016,40.619998931884766,40.0,40.58000183105469,32.21573257446289,6248700
2011-08-16,40.2599983215332,40.65999984741211,40.08000183105469,40.529998779296875,32.176048278808594,6050700
2011-08-17,40.560001373291016,40.869998931884766,40.150001525878906,40.630001068115234,32.25543212890625,4208800
2011-08-18,39.279998779296875,39.619998931884766,38.36000061035156,38.709999084472656,30.731170654296875,5023700
2011-08-19,38.43000030517578,39.459999084472656,38.40999984741211,38.720001220703125,30.739110946655273,5076000
2011-08-22,39.29999923706055,39.43000030517578,38.68000030517578,38.900001525878906,30.882007598876953,4145700
2011-08-23,38.9900016784668,40.0,38.900001525878906,40.0,31.755290985107422,3989700
2011-08-24,39.84000015258789,40.47999954223633,39.650001525878906,40.41999816894531,32.08869934082031,3733200
2011-08-25,40.5,40.83000183105469,39.90999984741211,40.16999816894531,31.890241622924805,4048300
2011-08-26,39.93000030517578,40.68000030517578,39.41999816894531,40.43000030517578,32.096656799316406,3903400
2011-08-29,40.81999969482422,41.18000030517578,40.61000061035156,41.13999938964844,32.66030502319336,3006800
2011-08-30,41.060001373291016,42.119998931884766,40.91999816894531,41.86000061035156,33.23190689086914,3670500
2011-08-31,42.20000076293945,42.65999984741211,41.77000045776367,42.09000015258789,33.41449737548828,2263000
2011-09-01,42.16999816894531,42.77000045776367,41.4900016784668,41.59000015258789,33.01755142211914,2304300
2011-09-02,40.939998626708984,41.189998626708984,40.209999084472656,40.400001525878906,32.07283401489258,2432300
2011-09-06,39.2400016784668,39.97999954223633,38.63999938964844,39.93000030517578,31.69972038269043,4027200
2011-09-07,40.5099983215332,41.84000015258789,40.5099983215332,41.689998626708984,33.096946716308594,4350500
2011-09-08,41.45000076293945,41.939998626708984,41.130001068115234,41.459999084472656,32.914344787597656,3071300
2011-09-09,41.099998474121094,41.470001220703125,39.97999954223633,40.34000015258789,32.025203704833984,4982300
2011-09-12,39.86000061035156,40.86000061035156,39.68000030517578,40.81999969482422,32.40626525878906,4222800
2011-09-13,40.81999969482422,41.470001220703125,40.72999954223633,41.36000061035156,33.012874603271484,3766800
2011-09-14,41.41999816894531,43.040000915527344,41.349998474121094,42.790000915527344,34.1542854309082,5441500
2011-09-15,43.349998474121094,43.880001068115234,42.869998931884766,43.86000061035156,35.00834274291992,4494600
2011-09-16,43.869998931884766,44.900001525878906,43.61000061035156,44.810001373291016,35.76662826538086,10124800
2011-09-19,44.060001373291016,44.790000915527344,43.939998626708984,44.4900016784668,35.51120376586914,4056300
2011-09-20,44.7599983215332,45.0,44.189998626708984,44.34000015258789,35.391475677490234,2560800
2011-09-21,44.290000915527344,44.59000015258789,43.08000183105469,43.11000061035156,34.40970230102539,2922600
2011-09-22,41.79999923706055,42.310001373291016,40.9900016784668,41.540000915527344,33.15656280517578,3911700
2011-09-23,41.459999084472656,42.18000030517578,41.27000045776367,41.689998626708984,33.276283264160156,2720800
2011-09-26,42.099998474121094,42.189998626708984,40.869998931884766,41.79999923706055,33.36408233642578,3403300
2011-09-27,42.63999938964844,43.34000015258789,41.970001220703125,42.61000061035156,34.0106201171875,3959500
2011-09-28,42.849998474121094,43.2599983215332,41.810001373291016,41.88999938964844,33.43590545654297,2387200
2011-09-29,42.599998474121094,43.29999923706055,41.599998474121094,42.439998626708984,33.874916076660156,2866500
2011-09-30,41.86000061035156,42.5,41.45000076293945,41.900001525878906,33.44389724731445,3863800
2011-10-03,41.880001068115234,42.4900016784668,40.5099983215332,40.619998931884766,32.4222297668457,4377100
2011-10-04,40.369998931884766,42.209999084472656,39.619998931884766,42.189998626708984,33.675376892089844,3700000
2011-10-05,41.77000045776367,43.130001068115234,41.650001525878906,42.939998626708984,34.27400588989258,3152200
2011-10-06,42.810001373291016,44.290000915527344,42.45000076293945,44.279998779296875,35.34358215332031,2753300
2011-10-07,44.220001220703125,44.380001068115234,43.310001373291016,43.63999938964844,34.83274459838867,2484600
2011-10-10,44.189998626708984,44.720001220703125,44.060001373291016,44.5,35.519187927246094,2067300
2011-10-11,44.09000015258789,44.79999923706055,44.06999969482422,44.5099983215332,35.52716064453125,1845400
2011-10-12,44.810001373291016,45.40999984741211,44.459999084472656,44.959999084472656,35.88633346557617,2608300
2011-10-13,44.66999816894531,44.84000015258789,43.959999084472656,44.47999954223633,35.503211975097656,1728300
2011-10-14,44.95000076293945,45.04999923706055,44.52000045776367,45.02000045776367,35.93423843383789,1614000
2011-10-17,44.93000030517578,45.2400016784668,44.40999984741211,44.52000045776367,35.53514099121094,1550300
2011-10-18,44.369998931884766,45.4900016784668,43.79999923706055,45.22999954223633,36.101863861083984,1620800
2011-10-19,45.0,45.189998626708984,44.349998474121094,44.61000061035156,35.60697555541992,2132500
2011-10-20,44.709999084472656,44.970001220703125,44.040000915527344,44.560001373291016,35.56707763671875,1579400
2011-10-21,44.90999984741211,46.0,44.84000015258789,45.9900016784668,36.70846939086914,2336400
2011-10-24,45.88999938964844,46.79999923706055,45.720001220703125,46.400001525878906,37.03573989868164,3535300
2011-10-25,46.0,46.290000915527344,45.18000030517578,45.27000045776367,36.1337890625,1842300
2011-10-26,45.88999938964844,46.11000061035156,45.099998474121094,45.779998779296875,36.54084777832031,2388500
2011-10-27,47.22999954223633,47.2400016784668,46.15999984741211,46.5099983215332,37.12351989746094,3991500
2011-10-28,46.54999923706055,47.75,46.52000045776367,47.40999984741211,37.84187316894531,3377600
2011-10-31,46.630001068115234,47.560001373291016,46.630001068115234,46.90999984741211,37.44279098510742,2198300
2011-11-01,45.4900016784668,45.65999984741211,44.849998474121094,44.9900016784668,35.910301208496094,2166000
2011-11-02,45.75,45.970001220703125,45.310001373291016,45.540000915527344,36.34929275512695,1924000
2011-11-03,46.2400016784668,46.630001068115234,45.790000915527344,46.560001373291016,37.163448333740234,2422500
2011-11-04,46.09000015258789,46.220001220703125,45.68000030517578,45.95000076293945,36.676551818847656,2440600
2011-11-07,45.79999923706055,46.0,45.04999923706055,45.779998779296875,36.54084777832031,3778500
2011-11-08,45.95000076293945,45.97999954223633,45.279998779296875,45.77000045776367,36.532875061035156,2508100
2011-11-09,44.72999954223633,44.97999954223633,44.150001525878906,44.54999923706055,35.559078216552734,5445700
2011-11-10,45.33000183105469,45.33000183105469,44.72999954223633,45.029998779296875,35.94220733642578,3647900
2011-11-11,45.630001068115234,46.279998779296875,45.56999969482422,46.2400016784668,36.90802001953125,2925400
2011-11-14,45.91999816894531,46.75,45.90999984741211,45.9900016784668,36.70846939086914,1453900
2011-11-15,45.77000045776367,46.63999938964844,45.65999984741211,46.349998474121094,36.99581527709961,1574900
2011-11-16,45.95000076293945,46.52000045776367,45.45000076293945,45.59000015258789,36.38919448852539,1964500
2011-11-17,45.529998779296875,46.099998474121094,45.290000915527344,46.06999969482422,36.77231979370117,3145100
2011-11-18,46.349998474121094,46.43000030517578,45.54999923706055,45.56999969482422,36.37322998046875,2333200
2011-11-21,44.970001220703125,45.369998931884766,44.41999816894531,44.810001373291016,35.76662826538086,2219500
2011-11-22,44.59000015258789,44.81999969482422,44.029998779296875,44.54999923706055,35.559078216552734,2320200
2011-11-23,44.13999938964844,44.150001525878906,43.529998779296875,43.619998931884766,34.8167839050293,2100400
2011-11-25,43.5,44.060001373291016,43.36000061035156,43.70000076293945,34.88063430786133,1084300
2011-11-28,44.70000076293945,45.40999984741211,44.70000076293945,45.20000076293945,36.077911376953125,2297200
2011-11-29,45.189998626708984,45.5,44.779998779296875,45.25,36.11781311035156,3024100
2011-11-30,46.52000045776367,46.9900016784668,46.36000061035156,46.66999816894531,37.25123977661133,3281200
2011-12-01,46.4900016784668,46.790000915527344,46.11000061035156,46.40999984741211,37.04370880126953,2064700
2011-12-02,46.790000915527344,47.0,46.70000076293945,46.79999923706055,37.355010986328125,2394800
2011-12-05,47.220001220703125,47.220001220703125,46.439998626708984,46.83000183105469,37.37894058227539,2141900
2011-12-06,46.939998626708984,47.029998779296875,46.66999816894531,46.81999969482422,37.3709602355957,1826200
2011-12-07,46.619998931884766,47.09000015258789,46.25,46.77000045776367,37.331050872802734,2781700
2011-12-08,46.630001068115234,47.150001525878906,46.43000030517578,46.779998779296875,37.33903121948242,3344200
2011-12-09,46.83000183105469,47.18000030517578,46.22999954223633,47.02000045776367,37.530609130859375,2782400
2011-12-12,46.40999984741211,46.72999954223633,46.02000045776367,46.68000030517578,37.259220123291016,1792700
2011-12-13,46.58000183105469,46.86000061035156,45.810001373291016,46.029998779296875,36.91437911987305,2316100
2011-12-14,46.0,46.209999084472656,45.279998779296875,45.689998626708984,36.641700744628906,1854200
2011-12-15,46.0099983215332,46.11000061035156,45.599998474121094,46.0099983215332,36.89834213256836,1768800
2011-12-16,46.310001373291016,46.689998626708984,45.849998474121094,46.15999984741211,37.018619537353516,2929800
2011-12-19,46.189998626708984,46.63999938964844,45.95000076293945,46.15999984741211,37.018619537353516,2871200
2011-12-20,46.75,47.060001373291016,46.099998474121094,46.459999084472656,37.259220123291016,3107400
2011-12-21,46.45000076293945,46.65999984741211,46.150001525878906,46.400001525878906,37.211116790771484,2113400
2011-12-22,46.5099983215332,46.93000030517578,46.27000045776367,46.400001525878906,37.211116790771484,2093800
2011-12-23,46.61000061035156,47.18000030517578,46.41999816894531,47.119998931884766,37.78850555419922,2698200
2011-12-27,47.130001068115234,47.40999984741211,46.880001068115234,47.310001373291016,37.940887451171875,816600
2011-12-28,47.439998626708984,47.439998626708984,46.540000915527344,46.68000030517578,37.4356575012207,1271500
2011-12-29,46.75,46.939998626708984,46.40999984741211,46.58000183105469,37.35544967651367,1042600
2011-12-30,46.56999969482422,46.70000076293945,46.25,46.290000915527344,37.122886657714844,1147200
2012-01-03,46.88999938964844,47.40999984741211,46.47999954223633,46.619998931884766,37.38753890991211,1697400
2012-01-04,46.38999938964844,46.540000915527344,46.029998779296875,46.36000061035156,37.179019927978516,1797600
2012-01-05,46.34000015258789,46.779998779296875,46.13999938964844,46.66999816894531,37.42763137817383,1598200
2012-01-06,46.560001373291016,46.91999816894531,46.47999954223633,46.54999923706055,37.33140182495117,1188100
2012-01-09,46.41999816894531,46.54999923706055,46.04999923706055,46.18000030517578,37.034671783447266,1960300
2012-01-10,46.58000183105469,46.779998779296875,46.20000076293945,46.290000915527344,37.122886657714844,2117700
2012-01-11,45.97999954223633,46.4900016784668,45.970001220703125,46.099998474121094,36.97051239013672,2220100
2012-01-12,46.279998779296875,46.560001373291016,46.13999938964844,46.16999816894531,37.02665328979492,1778900
2012-01-13,45.93000030517578,46.56999969482422,45.790000915527344,46.47999954223633,37.27524185180664,1581800
2012-01-17,46.65999984741211,47.2400016784668,46.65999984741211,46.939998626708984,37.6441650390625,1047500
2012-01-18,46.939998626708984,47.5,46.88999938964844,47.43000030517578,38.03712844848633,1817100
2012-01-19,47.459999084472656,48.04999923706055,47.380001068115234,48.040000915527344,38.52631378173828,1828200
2012-01-20,47.97999954223633,47.97999954223633,47.43000030517578,47.59000015258789,38.165443420410156,1811300
2012-01-23,47.56999969482422,47.9900016784668,47.33000183105469,47.47999954223633,38.07721710205078,1151700
2012-01-24,47.459999084472656,47.86000061035156,46.95000076293945,47.86000061035156,38.38196563720703,1752900
2012-01-25,47.86000061035156,47.86000061035156,44.52000045776367,44.939998626708984,36.04024124145508,5530200
2012-01-26,44.880001068115234,45.369998931884766,44.18000030517578,45.33000183105469,36.3530158996582,3874000
2012-01-27,45.040000915527344,45.95000076293945,44.90999984741211,45.79999923706055,36.729915618896484,2474500
2012-01-30,45.91999816894531,46.45000076293945,45.63999938964844,45.959999084472656,36.85823440551758,2617100
2012-01-31,46.18000030517578,46.52000045776367,45.90999984741211,46.40999984741211,37.21913146972656,2365300
2012-02-01,46.2599983215332,47.0099983215332,46.209999084472656,46.5,37.29130172729492,2505800
2012-02-02,46.400001525878906,46.5099983215332,45.68000030517578,45.79999923706055,36.729915618896484,2163000
2012-02-03,46.029998779296875,47.2599983215332,46.029998779296875,47.130001068115234,37.79654312133789,2401400
2012-02-06,46.79999923706055,46.939998626708984,45.70000076293945,46.70000076293945,37.45169448852539,2138800
2012-02-07,46.56999969482422,47.220001220703125,46.560001373291016,47.189998626708984,37.84464645385742,1724100
2012-02-08,47.119998931884766,47.20000076293945,46.81999969482422,47.11000061035156,37.780494689941406,4113600
2012-02-09,47.279998779296875,47.970001220703125,46.91999816894531,47.880001068115234,38.39801788330078,2781800
2012-02-10,47.38999938964844,47.56999969482422,47.0,47.400001525878906,38.0130615234375,1977400
2012-02-13,47.61000061035156,48.060001373291016,47.459999084472656,48.0,38.49424743652344,1472900
2012-02-14,47.95000076293945,48.220001220703125,47.27000045776367,47.70000076293945,38.2536506652832,1682400
2012-02-15,47.790000915527344,48.68000030517578,47.68000030517578,48.209999084472656,38.66265106201172,2567000
2012-02-16,48.220001220703125,49.310001373291016,47.779998779296875,49.130001068115234,39.40046691894531,2879300
2012-02-17,49.349998474121094,51.060001373291016,49.34000015258789,50.630001068115234,40.60340881347656,4516000
2012-02-21,50.529998779296875,50.68000030517578,49.72999954223633,49.88999938964844,40.00996017456055,3186400
2012-02-22,49.90999984741211,50.25,49.7599983215332,49.81999969482422,39.953819274902344,2248700
2012-02-23,49.65999984741211,49.7599983215332,49.380001068115234,49.529998779296875,39.721248626708984,3081200
2012-02-24,49.619998931884766,49.75,49.27000045776367,49.43000030517578,39.64103698730469,2032500
2012-02-27,48.81999969482422,50.33000183105469,48.810001373291016,50.150001525878906,40.21846008300781,2577300
2012-02-28,50.130001068115234,50.25,49.95000076293945,50.11000061035156,40.18638610839844,1648100
2012-02-29,50.06999969482422,50.209999084472656,49.54999923706055,49.79999923706055,39.937774658203125,4231200
2012-03-01,49.83000183105469,50.25,49.58000183105469,49.9900016784668,40.09016799926758,1461800
2012-03-02,50.54999923706055,51.0,50.43000030517578,50.84000015258789,40.77182388305664,1826900
2012-03-05,50.63999938964844,50.72999954223633,50.11000061035156,50.66999816894531,40.6354866027832,2317100
2012-03-06,50.290000915527344,51.880001068115234,50.290000915527344,51.47999954223633,41.28507614135742,3375800
2012-03-07,51.41999816894531,51.72999954223633,51.209999084472656,51.619998931884766,41.39734649658203,2332700
2012-03-08,51.869998931884766,52.779998779296875,51.630001068115234,51.7599983215332,41.50962829589844,3563700
2012-03-09,52.09000015258789,52.09000015258789,50.56999969482422,50.7400016784668,40.691627502441406,3954400
2012-03-12,50.290000915527344,50.86000061035156,50.130001068115234,50.18000030517578,40.24252700805664,3850500
2012-03-13,50.2400016784668,51.11000061035156,50.11000061035156,50.4900016784668,40.669437408447266,4077000
2012-03-14,50.5,50.66999816894531,50.29999923706055,50.5,40.67749786376953,2625100
2012-03-15,50.45000076293945,50.59000015258789,50.31999969482422,50.52000045776367,40.69361114501953,2035200
2012-03-16,50.779998779296875,50.84000015258789,50.400001525878906,50.529998779296875,40.7016487121582,2948100
2012-03-19,50.27000045776367,50.7400016784668,50.2599983215332,50.41999816894531,40.6130485534668,2251700
2012-03-20,50.189998626708984,50.47999954223633,50.04999923706055,50.349998474121094,40.55666732788086,1166700
2012-03-21,50.310001373291016,50.599998474121094,50.09000015258789,50.25,40.47611618041992,2401300
2012-03-22,49.97999954223633,50.36000061035156,49.970001220703125,50.31999969482422,40.53251647949219,2000700
2012-03-23,50.27000045776367,50.75,49.97999954223633,50.66999816894531,40.81443405151367,1943500
2012-03-26,50.75,51.59000015258789,50.650001525878906,50.880001068115234,40.983585357666016,2704600
2012-03-27,50.939998626708984,51.650001525878906,50.939998626708984,51.25,41.28162384033203,1614300
2012-03-28,51.11000061035156,51.18000030517578,50.34000015258789,50.45000076293945,40.637229919433594,2211400
2012-03-29,50.27000045776367,50.689998626708984,49.939998626708984,50.650001525878906,40.798309326171875,1434500
2012-03-30,50.88999938964844,50.970001220703125,50.29999923706055,50.83000183105469,40.94330596923828,2162200
2012-04-02,50.7400016784668,51.0099983215332,50.189998626708984,50.81999969482422,40.93525695800781,1606700
2012-04-03,50.79999923706055,51.220001220703125,50.36000061035156,50.790000915527344,40.91108322143555,1959700
2012-04-04,50.459999084472656,50.56999969482422,49.95000076293945,50.16999816894531,40.41167449951172,1438800
2012-04-05,49.95000076293945,50.150001525878906,49.79999923706055,50.0,40.274742126464844,1554600
2012-04-09,49.40999984741211,49.40999984741211,48.83000183105469,49.040000915527344,39.50147247314453,1758800
2012-04-10,48.869998931884766,49.0099983215332,48.380001068115234,48.400001525878906,38.98594665527344,2298000
2012-04-11,48.630001068115234,48.84000015258789,48.38999938964844,48.59000015258789,39.138999938964844,2029900
2012-04-12,48.720001220703125,49.06999969482422,48.38999938964844,49.029998779296875,39.49342727661133,1485100
2012-04-13,49.029998779296875,49.119998931884766,48.400001525878906,48.400001525878906,38.98594665527344,1331300
2012-04-16,48.47999954223633,48.599998474121094,47.959999084472656,48.189998626708984,38.816802978515625,1857600
2012-04-17,48.540000915527344,49.72999954223633,48.540000915527344,49.529998779296875,39.89616775512695,2313500
2012-04-18,49.25,49.4900016784668,48.81999969482422,49.11000061035156,39.557857513427734,2156600
2012-04-19,49.060001373291016,49.58000183105469,48.619998931884766,48.90999984741211,39.39675521850586,1755200
2012-04-20,49.0,49.40999984741211,48.65999984741211,49.0099983215332,39.47728729248047,1286000
2012-04-23,48.63999938964844,48.849998474121094,48.459999084472656,48.59000015258789,39.138999938964844,1684800
2012-04-24,48.689998626708984,48.93000030517578,48.34000015258789,48.65999984741211,39.19538879394531,2106300
2012-04-25,49.31999969482422,51.849998474121094,49.31999969482422,51.31999969482422,41.338008880615234,6265600
2012-04-26,51.25,51.290000915527344,50.77000045776367,51.02000045776367,41.096343994140625,4175400
2012-04-27,51.150001525878906,51.279998779296875,50.61000061035156,50.75,40.878868103027344,2370900
2012-04-30,50.61000061035156,51.029998779296875,50.52000045776367,51.029998779296875,41.10441589355469,4708800
2012-05-01,51.13999938964844,52.060001373291016,51.040000915527344,51.459999084472656,41.45075988769531,1774600
2012-05-02,51.20000076293945,51.599998474121094,51.0,51.33000183105469,41.34605407714844,1900100
2012-05-03,51.2400016784668,51.290000915527344,50.779998779296875,50.79999923706055,40.91913986206055,1609000
2012-05-04,50.58000183105469,50.7599983215332,50.27000045776367,50.61000061035156,40.7661018371582,1627600
2012-05-07,50.29999923706055,50.9900016784668,50.22999954223633,50.880001068115234,40.983585357666016,1676900
2012-05-08,50.279998779296875,51.04999923706055,49.810001373291016,50.91999816894531,41.01578903198242,1991400
2012-05-09,50.06999969482422,50.45000076293945,49.630001068115234,49.709999084472656,40.04115676879883,2946500
2012-05-10,49.849998474121094,49.959999084472656,49.47999954223633,49.540000915527344,39.90422058105469,2690700
2012-05-11,49.459999084472656,50.11000061035156,49.45000076293945,49.83000183105469,40.1378173828125,2658500
2012-05-14,49.52000045776367,49.58000183105469,48.83000183105469,48.849998474121094,39.34841537475586,3179500
2012-05-15,48.7400016784668,49.470001220703125,48.279998779296875,49.099998474121094,39.54979705810547,1631000
2012-05-16,49.20000076293945,49.43000030517578,48.7599983215332,48.7599983215332,39.275936126708984,1693200
2012-05-17,48.869998931884766,48.869998931884766,47.869998931884766,47.869998931884766,38.559043884277344,2185700
2012-05-18,47.95000076293945,48.130001068115234,46.869998931884766,46.970001220703125,37.8340950012207,2928700
2012-05-21,47.0,48.060001373291016,46.95000076293945,47.93000030517578,38.60736846923828,1891800
2012-05-22,47.970001220703125,48.20000076293945,47.59000015258789,47.880001068115234,38.567100524902344,2240200
2012-05-23,47.5099983215332,48.31999969482422,47.09000015258789,48.2400016784668,38.85707473754883,1900000
2012-05-24,48.22999954223633,48.25,47.38999938964844,47.720001220703125,38.438209533691406,3463400
2012-05-25,47.83000183105469,48.119998931884766,47.7400016784668,48.02000045776367,38.679866790771484,1343700
2012-05-29,48.16999816894531,48.86000061035156,48.02000045776367,48.83000183105469,39.33232498168945,1790800
2012-05-30,48.290000915527344,48.41999816894531,47.599998474121094,47.810001373291016,38.5107307434082,2043300
2012-05-31,47.689998626708984,48.45000076293945,47.34000015258789,48.08000183105469,38.728206634521484,3229600
2012-06-01,47.2400016784668,47.45000076293945,46.939998626708984,46.959999084472656,37.82603454589844,2152700
2012-06-04,46.93000030517578,47.2400016784668,46.47999954223633,46.84000015258789,37.729373931884766,1682400
2012-06-05,46.81999969482422,48.119998931884766,46.619998931884766,47.97999954223633,38.64764404296875,1912300
2012-06-06,48.15999984741211,49.189998626708984,48.15999984741211,49.189998626708984,39.622291564941406,1785400
2012-06-07,49.439998626708984,49.59000015258789,48.18000030517578,48.22999954223633,38.849021911621094,1962500
2012-06-08,48.11000061035156,48.720001220703125,48.09000015258789,48.599998474121094,39.14704132080078,2263400
2012-06-11,48.880001068115234,49.0,47.369998931884766,47.43000030517578,38.204620361328125,2675200
2012-06-12,47.86000061035156,48.16999816894531,47.290000915527344,48.029998779296875,38.68792724609375,2593600
2012-06-13,47.58000183105469,48.040000915527344,47.04999923706055,47.400001525878906,38.35615158081055,2288900
2012-06-14,47.380001068115234,47.61000061035156,46.75,47.349998474121094,38.3156852722168,2498100
2012-06-15,47.599998474121094,48.880001068115234,47.439998626708984,48.70000076293945,39.408103942871094,3226500
2012-06-18,48.380001068115234,49.20000076293945,48.34000015258789,49.029998779296875,39.675148010253906,2248300
2012-06-19,49.25,49.4900016784668,48.349998474121094,48.439998626708984,39.19770812988281,2019100
2012-06-20,48.439998626708984,48.86000061035156,47.720001220703125,47.9900016784668,38.83356857299805,2978700
2012-06-21,48.18000030517578,48.189998626708984,47.400001525878906,47.4900016784668,38.42898178100586,2777600
2012-06-22,47.52000045776367,48.119998931884766,47.310001373291016,47.880001068115234,38.744571685791016,5132600
2012-06-25,47.709999084472656,47.709999084472656,46.56999969482422,46.72999954223633,37.8139762878418,2352200
2012-06-26,46.810001373291016,47.470001220703125,46.65999984741211,47.2599983215332,38.24286651611328,1409600
2012-06-27,47.27000045776367,47.779998779296875,47.15999984741211,47.349998474121094,38.3156852722168,1000400
2012-06-28,47.02000045776367,47.099998474121094,46.380001068115234,46.93000030517578,37.975826263427734,2324500
2012-06-29,47.54999923706055,48.11000061035156,47.400001525878906,48.11000061035156,38.930667877197266,1834200
2012-07-02,47.88999938964844,48.2400016784668,47.20000076293945,47.349998474121094,38.3156852722168,2090700
2012-07-03,47.470001220703125,48.38999938964844,47.279998779296875,48.34000015258789,39.116790771484375,1107200
2012-07-05,48.150001525878906,48.38999938964844,47.93000030517578,48.02000045776367,38.85786056518555,1395100
2012-07-06,47.56999969482422,47.779998779296875,46.63999938964844,46.970001220703125,38.00819396972656,1504700
2012-07-09,46.95000076293945,47.130001068115234,46.56999969482422,46.709999084472656,37.79780578613281,2217700
2012-07-10,46.61000061035156,47.18000030517578,45.75,45.939998626708984,37.174713134765625,2626700
2012-07-11,45.849998474121094,45.95000076293945,45.0099983215332,45.459999084472656,36.786293029785156,2613700
2012-07-12,45.09000015258789,45.459999084472656,44.4900016784668,45.18000030517578,36.55971908569336,1476900
2012-07-13,45.16999816894531,45.9900016784668,45.08000183105469,45.95000076293945,37.18280029296875,1041700
2012-07-16,45.75,45.77000045776367,45.0,45.16999816894531,36.5516357421875,1427700
2012-07-17,45.43000030517578,45.689998626708984,44.779998779296875,45.65999984741211,36.94813919067383,1785900
2012-07-18,45.40999984741211,46.720001220703125,45.380001068115234,46.65999984741211,37.7573356628418,1895900
2012-07-19,46.810001373291016,47.790000915527344,46.7599983215332,47.5099983215332,38.445159912109375,2351700
2012-07-20,47.25,47.290000915527344,46.349998474121094,46.5,37.62786102294922,2977200
2012-07-23,45.709999084472656,45.959999084472656,45.16999816894531,45.88999938964844,37.13425827026367,1567600
2012-07-24,46.119998931884766,46.75,44.97999954223633,45.290000915527344,36.64873504638672,2429700
2012-07-25,45.5,48.5099983215332,45.5,47.810001373291016,38.68793487548828,4096400
2012-07-26,48.20000076293945,48.20000076293945,46.59000015258789,47.47999954223633,38.42088317871094,3859400
2012-07-27,47.5,47.939998626708984,47.310001373291016,47.7599983215332,38.64746856689453,2850200
2012-07-30,47.61000061035156,47.9900016784668,47.209999084472656,47.720001220703125,38.615089416503906,1663500
2012-07-31,47.7599983215332,48.599998474121094,47.630001068115234,48.34000015258789,39.116790771484375,2473700
2012-08-01,48.4900016784668,48.56999969482422,47.790000915527344,47.939998626708984,38.79310989379883,1357200
2012-08-02,47.540000915527344,47.880001068115234,47.2400016784668,47.810001373291016,38.68793487548828,1351100
2012-08-03,47.709999084472656,47.900001525878906,45.61000061035156,47.060001373291016,38.081024169921875,4480200
2012-08-06,47.06999969482422,47.58000183105469,47.0,47.27000045776367,38.2509651184082,1600300
2012-08-07,47.599998474121094,48.41999816894531,47.599998474121094,48.2599983215332,39.05205535888672,1497000
2012-08-08,47.97999954223633,48.38999938964844,47.880001068115234,48.02000045776367,38.85786056518555,1358100
2012-08-09,47.88999938964844,48.220001220703125,47.59000015258789,47.72999954223633,38.62317657470703,1816800
2012-08-10,47.63999938964844,48.13999938964844,47.5,48.099998474121094,38.922576904296875,1658200
2012-08-13,48.0099983215332,48.06999969482422,47.16999816894531,47.36000061035156,38.323768615722656,3998900
2012-08-14,47.47999954223633,47.91999816894531,47.04999923706055,47.630001068115234,38.54227066040039,2256400
2012-08-15,47.68000030517578,47.880001068115234,47.040000915527344,47.5,38.43706512451172,1512800
2012-08-16,47.529998779296875,48.279998779296875,47.529998779296875,48.16999816894531,38.97922897338867,1734900
2012-08-17,48.04999923706055,48.209999084472656,47.779998779296875,47.849998474121094,38.72026824951172,2366700
2012-08-20,47.68000030517578,48.08000183105469,47.52000045776367,47.95000076293945,38.80121994018555,2076200
2012-08-21,47.95000076293945,48.29999923706055,47.84000015258789,47.95000076293945,38.80121994018555,3082500
2012-08-22,47.90999984741211,47.95000076293945,47.630001068115234,47.7599983215332,38.64746856689453,1618400
2012-08-23,47.630001068115234,47.66999816894531,47.349998474121094,47.58000183105469,38.501808166503906,1416100
2012-08-24,47.380001068115234,47.709999084472656,46.970001220703125,47.630001068115234,38.54227066040039,1666900
2012-08-27,47.66999816894531,48.040000915527344,46.9900016784668,47.709999084472656,38.60699462890625,1068500
2012-08-28,47.5099983215332,47.9900016784668,47.0,47.59000015258789,38.50989532470703,1087000
2012-08-29,47.720001220703125,48.189998626708984,47.560001373291016,48.130001068115234,38.946868896484375,1041500
2012-08-30,47.83000183105469,47.91999816894531,47.16999816894531,47.560001373291016,38.48562240600586,1563600
2012-08-31,47.79999923706055,47.93000030517578,47.119998931884766,47.65999984741211,38.56654357910156,1540800
2012-09-04,47.58000183105469,47.849998474121094,47.11000061035156,47.619998931884766,38.53416442871094,1216500
2012-09-05,47.65999984741211,48.02000045776367,47.25,47.70000076293945,38.59890365600586,1176600
2012-09-06,47.880001068115234,49.119998931884766,47.880001068115234,49.119998931884766,39.74797439575195,1846800
2012-09-07,49.09000015258789,49.400001525878906,48.900001525878906,49.29999923706055,39.89362716674805,1800400
2012-09-10,49.27000045776367,49.29999923706055,48.84000015258789,48.84000015258789,39.521400451660156,943200
2012-09-11,49.0,49.29999923706055,48.66999816894531,49.189998626708984,39.80461502075195,1591700
2012-09-12,49.11000061035156,49.38999938964844,48.939998626708984,49.38999938964844,40.17881774902344,1794500
2012-09-13,49.13999938964844,50.29999923706055,49.13999938964844,50.119998931884766,40.77268600463867,2169700
2012-09-14,50.0,50.540000915527344,49.790000915527344,50.540000915527344,41.114349365234375,2175600
2012-09-17,50.349998474121094,50.380001068115234,49.88999938964844,50.16999816894531,40.81336975097656,1106700
2012-09-18,50.0099983215332,50.290000915527344,49.689998626708984,49.810001373291016,40.520503997802734,1555000
2012-09-19,49.7599983215332,50.5,49.68000030517578,50.34000015258789,40.9516487121582,1437100
2012-09-20,50.20000076293945,50.20000076293945,49.52000045776367,49.810001373291016,40.520503997802734,1171200
2012-09-21,50.310001373291016,51.91999816894531,50.310001373291016,51.790000915527344,42.13123321533203,3219000
2012-09-24,51.34000015258789,51.470001220703125,50.779998779296875,51.11000061035156,41.578060150146484,1545600
2012-09-25,51.31999969482422,51.45000076293945,50.83000183105469,50.83000183105469,41.35026931762695,2398200
2012-09-26,50.88999938964844,50.95000076293945,50.08000183105469,50.16999816894531,40.81336975097656,1915300
2012-09-27,50.310001373291016,50.81999969482422,50.130001068115234,50.75,41.28519058227539,1373400
2012-09-28,50.59000015258789,50.869998931884766,50.150001525878906,50.54999923706055,41.12247848510742,1454700
2012-10-01,50.849998474121094,50.939998626708984,50.31999969482422,50.619998931884766,41.1794319152832,1104600
2012-10-02,50.709999084472656,50.810001373291016,50.11000061035156,50.290000915527344,40.91096878051758,1436700
2012-10-03,50.29999923706055,50.939998626708984,49.959999084472656,50.900001525878906,41.4072151184082,2681300
2012-10-04,50.95000076293945,51.13999938964844,50.61000061035156,51.08000183105469,41.55364227294922,2313300
2012-10-05,51.20000076293945,51.65999984741211,51.0,51.31999969482422,41.7489013671875,1625000
2012-10-08,51.15999984741211,51.2400016784668,50.689998626708984,50.79999923706055,41.32585906982422,771400
2012-10-09,50.7400016784668,50.790000915527344,50.15999984741211,50.189998626708984,40.82963180541992,1214400
2012-10-10,50.290000915527344,50.290000915527344,49.58000183105469,49.95000076293945,40.6343879699707,1274200
2012-10-11,50.27000045776367,50.95000076293945,50.08000183105469,50.08000183105469,40.740142822265625,748600
2012-10-12,50.22999954223633,50.5,49.970001220703125,50.09000015258789,40.748291015625,852300
2012-10-15,50.099998474121094,50.369998931884766,49.939998626708984,50.349998474121094,40.959781646728516,991000
2012-10-16,50.5,51.0,50.380001068115234,50.970001220703125,41.46414566040039,1206100
2012-10-17,51.0,51.29999923706055,50.7400016784668,51.11000061035156,41.578060150146484,806500
2012-10-18,51.11000061035156,51.11000061035156,50.63999938964844,50.7599983215332,41.29332733154297,767200
2012-10-19,50.810001373291016,50.95000076293945,50.04999923706055,50.22999954223633,40.862178802490234,1656800
2012-10-22,49.9900016784668,50.459999084472656,49.75,50.41999816894531,41.01673126220703,1612100
2012-10-23,49.95000076293945,50.06999969482422,49.4900016784668,49.77000045776367,40.48796081542969,2185300
2012-10-24,50.5,51.849998474121094,50.34000015258789,51.58000183105469,41.96039962768555,2675600
2012-10-25,51.25,51.56999969482422,49.810001373291016,50.0,40.67506790161133,2578600
2012-10-26,49.93000030517578,51.709999084472656,49.900001525878906,51.619998931884766,41.99294662475586,1972300
2012-10-31,51.5,51.83000183105469,50.41999816894531,51.68000030517578,42.041748046875,2452900
2012-11-01,51.779998779296875,53.93000030517578,51.0,53.31999969482422,43.37588882446289,3788700
2012-11-02,53.650001525878906,53.650001525878906,52.709999084472656,52.900001525878906,43.03421401977539,2759000
2012-11-05,52.720001220703125,53.529998779296875,52.650001525878906,53.33000183105469,43.3840217590332,1523000
2012-11-06,53.20000076293945,53.9900016784668,53.20000076293945,53.88999938964844,43.83958435058594,2013700
2012-11-07,53.45000076293945,53.810001373291016,52.81999969482422,53.650001525878906,43.644344329833984,2374700
2012-11-08,53.599998474121094,53.959999084472656,53.11000061035156,53.11000061035156,43.20505142211914,2644100
2012-11-09,53.2599983215332,53.72999954223633,53.060001373291016,53.11000061035156,43.20505142211914,2969800
2012-11-12,53.11000061035156,53.59000015258789,52.7599983215332,53.40999984741211,43.449100494384766,1153000
2012-11-13,53.029998779296875,53.75,52.9900016784668,53.2599983215332,43.327091217041016,1101100
2012-11-14,53.310001373291016,53.4900016784668,52.709999084472656,52.79999923706055,42.952880859375,1439800
2012-11-15,52.900001525878906,53.349998474121094,52.70000076293945,52.84000015258789,42.98542022705078,1998600
2012-11-16,52.72999954223633,53.04999923706055,52.189998626708984,52.88999938964844,43.026084899902344,1900500
2012-11-19,53.31999969482422,53.70000076293945,53.2400016784668,53.400001525878906,43.44097137451172,1355200
2012-11-20,53.2400016784668,53.86000061035156,53.040000915527344,53.86000061035156,43.8151741027832,2157300
2012-11-21,53.779998779296875,54.150001525878906,53.630001068115234,53.869998931884766,43.82331848144531,1018000
2012-11-23,54.06999969482422,54.790000915527344,53.880001068115234,54.7599983215332,44.547325134277344,659400
2012-11-26,54.11000061035156,54.650001525878906,54.029998779296875,54.599998474121094,44.41716766357422,1477200
2012-11-27,54.349998474121094,54.77000045776367,54.02000045776367,54.029998779296875,43.9534797668457,1760700
2012-11-28,53.79999923706055,54.540000915527344,53.619998931884766,54.43000030517578,44.27885818481445,1480800
2012-11-29,54.619998931884766,54.7599983215332,54.279998779296875,54.43000030517578,44.27885818481445,1462500
2012-11-30,54.52000045776367,54.86000061035156,54.310001373291016,54.45000076293945,44.295143127441406,3316100
2012-12-03,54.630001068115234,54.7400016784668,54.20000076293945,54.209999084472656,44.09989929199219,1518500
2012-12-04,54.27000045776367,54.68000030517578,54.13999938964844,54.220001220703125,44.1080436706543,1905500
2012-12-05,54.220001220703125,55.470001220703125,54.09000015258789,55.18000030517578,44.88899230957031,2698300
2012-12-06,54.959999084472656,55.130001068115234,54.650001525878906,54.7400016784668,44.531063079833984,2434300
2012-12-07,54.84000015258789,54.90999984741211,54.369998931884766,54.599998474121094,44.41716766357422,1248300
2012-12-10,54.41999816894531,54.7599983215332,54.41999816894531,54.650001525878906,44.45783996582031,1696700
2012-12-11,54.959999084472656,55.16999816894531,54.380001068115234,54.75,44.53919219970703,1860500
2012-12-12,54.779998779296875,55.13999938964844,54.45000076293945,54.52000045776367,44.563720703125,1132400
2012-12-13,54.41999816894531,54.779998779296875,54.130001068115234,54.25,44.343021392822266,937900
2012-12-14,54.0,54.349998474121094,53.779998779296875,54.04999923706055,44.17955017089844,1049400
2012-12-17,54.060001373291016,54.68000030517578,53.900001525878906,54.279998779296875,44.3675537109375,1927500
2012-12-18,54.290000915527344,54.95000076293945,54.2599983215332,54.869998931884766,44.84980392456055,1089000
2012-12-19,54.779998779296875,54.81999969482422,54.310001373291016,54.33000183105469,44.408416748046875,1111200
2012-12-20,54.34000015258789,54.939998626708984,54.150001525878906,54.869998931884766,44.84980392456055,1146400
2012-12-21,54.68000030517578,54.709999084472656,54.02000045776367,54.58000183105469,44.61276626586914,2525400
2012-12-24,54.08000183105469,54.779998779296875,54.08000183105469,54.779998779296875,44.7762336730957,604900
2012-12-26,54.720001220703125,54.869998931884766,54.0099983215332,54.34000015258789,44.41658020019531,777000
2012-12-27,54.220001220703125,55.0,54.13999938964844,54.880001068115234,44.85797882080078,1478800
2012-12-28,54.380001068115234,54.66999816894531,54.060001373291016,54.08000183105469,44.20408630371094,1207300
2012-12-31,53.93000030517578,55.77000045776367,53.849998474121094,55.68000030517578,45.51187515258789,2133800
2013-01-02,56.13999938964844,56.650001525878906,55.630001068115234,56.20000076293945,45.93690490722656,2246200
2013-01-03,56.2400016784668,56.849998474121094,55.83000183105469,56.0099983215332,45.781620025634766,1206600
2013-01-04,56.0099983215332,56.4900016784668,55.95000076293945,56.279998779296875,46.00231170654297,1140000
2013-01-07,56.029998779296875,56.709999084472656,55.900001525878906,56.58000183105469,46.247535705566406,1981600
2013-01-08,56.4900016784668,56.5,55.66999816894531,55.939998626708984,45.72440719604492,1167800
2013-01-09,56.060001373291016,56.27000045776367,55.97999954223633,56.25,45.97779083251953,691600
2013-01-10,56.45000076293945,56.810001373291016,56.25,56.779998779296875,46.41099548339844,1260500
2013-01-11,57.02000045776367,57.630001068115234,56.75,57.5,46.99952697753906,1307100
2013-01-14,57.380001068115234,57.75,57.36000061035156,57.66999816894531,47.13846969604492,1198400
2013-01-15,57.439998626708984,57.720001220703125,57.11000061035156,57.529998779296875,47.02403259277344,985000
2013-01-16,57.349998474121094,58.02000045776367,57.099998474121094,57.95000076293945,47.367340087890625,2037300
2013-01-17,58.11000061035156,58.15999984741211,57.70000076293945,58.040000915527344,47.44090270996094,1295000
2013-01-18,58.279998779296875,59.25,58.279998779296875,59.0099983215332,48.23375701904297,3151200
2013-01-22,58.900001525878906,59.0,57.810001373291016,58.290000915527344,47.6452522277832,2416000
2013-01-23,58.11000061035156,58.75,55.970001220703125,58.540000915527344,47.8495979309082,6798900
2013-01-24,58.41999816894531,59.47999954223633,58.41999816894531,58.79999923706055,48.062110900878906,2434500
2013-01-25,58.810001373291016,58.900001525878906,58.369998931884766,58.599998474121094,47.898643493652344,1714900
2013-01-28,58.709999084472656,59.2400016784668,58.689998626708984,59.0099983215332,48.23375701904297,1181900
2013-01-29,59.029998779296875,59.029998779296875,58.38999938964844,58.939998626708984,48.17655563354492,994300
2013-01-30,58.93000030517578,59.09000015258789,58.630001068115234,58.689998626708984,47.97220230102539,995000
2013-01-31,58.619998931884766,58.939998626708984,58.36000061035156,58.38999938964844,47.72698211669922,1633300
2013-02-01,58.900001525878906,59.20000076293945,58.5,58.869998931884766,48.11933135986328,1324200
2013-02-04,58.5,59.13999938964844,58.5,58.689998626708984,47.97220230102539,1808600
2013-02-05,59.0,60.119998931884766,59.0,59.91999816894531,48.977577209472656,2260900
2013-02-06,58.970001220703125,59.66999816894531,58.689998626708984,59.38999938964844,48.54437255859375,1454500
2013-02-07,59.380001068115234,60.119998931884766,59.279998779296875,60.02000045776367,49.05933380126953,1419000
2013-02-08,60.20000076293945,60.47999954223633,59.189998626708984,60.29999923706055,49.28819274902344,1227000
2013-02-11,60.36000061035156,61.040000915527344,60.209999084472656,60.900001525878906,49.778621673583984,1080400
2013-02-12,60.790000915527344,61.060001373291016,60.470001220703125,60.83000183105469,49.721405029296875,941300
2013-02-13,61.0,61.400001525878906,60.790000915527344,60.810001373291016,49.705055236816406,1489400
2013-02-14,60.52000045776367,61.279998779296875,60.20000076293945,61.119998931884766,49.95844650268555,1765500
2013-02-15,61.31999969482422,61.83000183105469,61.150001525878906,61.43000030517578,50.21183395385742,1851700
2013-02-19,61.349998474121094,62.04999923706055,61.27000045776367,62.029998779296875,50.7022590637207,1519700
2013-02-20,61.97999954223633,61.9900016784668,61.25,61.2599983215332,50.07288360595703,1423600
2013-02-21,61.220001220703125,61.220001220703125,60.52000045776367,60.880001068115234,49.76228332519531,1384100
2013-02-22,61.16999816894531,61.95000076293945,61.029998779296875,61.900001525878906,50.59600067138672,1297300
2013-02-25,62.0,62.08000183105469,60.27000045776367,60.279998779296875,49.271846771240234,1851700
2013-02-26,60.400001525878906,60.84000015258789,60.119998931884766,60.630001068115234,49.557926177978516,2619500
2013-02-27,60.83000183105469,62.29999923706055,60.630001068115234,62.09000015258789,50.751312255859375,1901600
2013-02-28,61.95000076293945,62.5099983215332,61.86000061035156,62.209999084472656,50.84939193725586,1890600
2013-03-01,61.939998626708984,62.279998779296875,61.5099983215332,62.029998779296875,50.7022590637207,1247500
2013-03-04,61.7599983215332,62.5,61.630001068115234,62.5,51.086429595947266,1325200
2013-03-05,62.689998626708984,63.13999938964844,62.5,62.970001220703125,51.47061538696289,1773400
2013-03-06,63.25,63.58000183105469,63.029998779296875,63.11000061035156,51.58503723144531,1863900
2013-03-07,63.29999923706055,63.439998626708984,62.61000061035156,62.63999938964844,51.20087432861328,1397100
2013-03-08,62.869998931884766,63.31999969482422,62.529998779296875,62.75,51.29078674316406,2082000
2013-03-11,62.61000061035156,62.84000015258789,62.52000045776367,62.560001373291016,51.1354866027832,1715300
2013-03-12,62.5099983215332,62.619998931884766,61.470001220703125,62.130001068115234,50.78400802612305,2105900
2013-03-13,62.0,62.29999923706055,61.66999816894531,62.220001220703125,51.071285247802734,1264000
2013-03-14,62.4900016784668,62.56999969482422,62.02000045776367,62.34000015258789,51.16978454589844,1499800
2013-03-15,62.209999084472656,62.5,62.029998779296875,62.06999969482422,50.94816589355469,2211800
2013-03-18,61.439998626708984,62.099998474121094,61.2599983215332,61.63999938964844,50.59521484375,768700
2013-03-19,61.7599983215332,61.97999954223633,61.2400016784668,61.66999816894531,50.619850158691406,879600
2013-03-20,61.95000076293945,62.52000045776367,61.90999984741211,62.400001525878906,51.21903991699219,1399600
2013-03-21,62.130001068115234,62.630001068115234,61.97999954223633,62.43000030517578,51.2436637878418,1173100
2013-03-22,62.4900016784668,63.779998779296875,62.470001220703125,63.61000061035156,52.21223068237305,1752300
2013-03-25,63.709999084472656,63.720001220703125,62.869998931884766,63.290000915527344,51.949554443359375,1186700
2013-03-26,63.58000183105469,63.75,63.34000015258789,63.459999084472656,52.08910369873047,916200
2013-03-27,63.18000030517578,63.77000045776367,63.0099983215332,63.560001373291016,52.17117691040039,900500
2013-03-28,63.459999084472656,64.0999984741211,63.310001373291016,64.02999877929688,52.55696487426758,1352000
2013-04-01,63.970001220703125,64.2300033569336,63.560001373291016,63.70000076293945,52.28609085083008,748000
2013-04-02,64.0,64.19999694824219,63.470001220703125,63.70000076293945,52.28609085083008,650400
2013-04-03,63.58000183105469,63.630001068115234,62.619998931884766,62.79999923706055,51.54736328125,1611300
2013-04-04,62.68000030517578,63.189998626708984,62.560001373291016,62.9900016784668,51.70332336425781,1246200
2013-04-05,62.36000061035156,62.83000183105469,62.06999969482422,62.66999816894531,51.44065856933594,1056800
2013-04-08,62.59000015258789,63.20000076293945,62.34000015258789,63.16999816894531,51.85106658935547,1155200
2013-04-09,63.29999923706055,63.93000030517578,63.08000183105469,63.63999938964844,52.236854553222656,991000
2013-04-10,63.72999954223633,64.72000122070312,63.439998626708984,64.69000244140625,53.098716735839844,1012400
2013-04-11,64.55999755859375,64.72000122070312,64.1500015258789,64.62999725341797,53.049461364746094,1109400
2013-04-12,64.22000122070312,64.58000183105469,63.310001373291016,63.869998931884766,52.42564392089844,1181600
2013-04-15,63.380001068115234,63.439998626708984,61.81999969482422,61.83000183105469,50.75116729736328,1611600
2013-04-16,62.310001373291016,63.11000061035156,62.02000045776367,62.959999084472656,51.67869186401367,1218200
2013-04-17,62.66999816894531,62.7599983215332,61.970001220703125,62.130001068115234,50.99741744995117,1361100
2013-04-18,62.38999938964844,62.400001525878906,61.060001373291016,61.150001525878906,50.193016052246094,1727900
2013-04-19,61.54999923706055,62.25,61.02000045776367,61.720001220703125,50.66086959838867,1486100
2013-04-22,61.84000015258789,62.060001373291016,61.310001373291016,61.779998779296875,50.71013259887695,839700
2013-04-23,61.880001068115234,62.0,60.7400016784668,61.75,50.68550491333008,2326400
2013-04-24,54.7400016784668,57.099998474121094,53.279998779296875,56.02000045776367,45.982215881347656,8367400
2013-04-25,56.060001373291016,56.7599983215332,55.33000183105469,56.38999938964844,46.285926818847656,3657400
2013-04-26,56.310001373291016,57.189998626708984,56.310001373291016,56.79999923706055,46.6224479675293,3534600
2013-04-29,57.0099983215332,57.790000915527344,56.849998474121094,57.439998626708984,47.147769927978516,2360100
2013-04-30,57.400001525878906,57.40999984741211,56.54999923706055,57.20000076293945,46.95078659057617,2716800
2013-05-01,57.0,57.47999954223633,56.36000061035156,56.369998931884766,46.26951217651367,2176100
2013-05-02,56.41999816894531,57.02000045776367,56.25,56.88999938964844,46.69630813598633,1842300
2013-05-03,57.22999954223633,57.70000076293945,57.15999984741211,57.290000915527344,47.024658203125,1766000
2013-05-06,57.029998779296875,57.599998474121094,56.90999984741211,56.95000076293945,46.74557113647461,1940300
2013-05-07,56.900001525878906,57.060001373291016,56.599998474121094,56.790000915527344,46.614253997802734,2605400
2013-05-08,56.810001373291016,57.36000061035156,56.43000030517578,57.0,46.78662109375,2639500
2013-05-09,56.79999923706055,57.08000183105469,56.130001068115234,56.779998779296875,46.60603713989258,2676700
2013-05-10,56.439998626708984,56.779998779296875,56.09000015258789,56.47999954223633,46.35979080200195,2332000
2013-05-13,56.22999954223633,56.529998779296875,56.06999969482422,56.16999816894531,46.10532760620117,2247400
2013-05-14,56.0099983215332,56.939998626708984,56.0099983215332,56.88999938964844,46.69630813598633,2239000
2013-05-15,56.68000030517578,57.22999954223633,56.630001068115234,57.099998474121094,46.86870193481445,2239900
2013-05-16,57.099998474121094,57.880001068115234,56.88999938964844,57.529998779296875,47.22165298461914,3030500
2013-05-17,57.5099983215332,57.91999816894531,57.34000015258789,57.84000015258789,47.47610855102539,2294000
2013-05-20,57.619998931884766,58.83000183105469,57.619998931884766,58.25,47.8126335144043,3507500
2013-05-21,58.68000030517578,59.06999969482422,57.65999984741211,57.77000045776367,47.418643951416016,2686500
2013-05-22,57.709999084472656,58.209999084472656,57.189998626708984,57.29999923706055,47.032867431640625,2517200
2013-05-23,57.04999923706055,57.849998474121094,57.0,57.47999954223633,47.18061065673828,3855300
2013-05-24,57.29999923706055,58.029998779296875,56.86000061035156,57.810001373291016,47.45148849487305,3077400
2013-05-28,58.060001373291016,59.029998779296875,58.040000915527344,58.529998779296875,48.04246520996094,2529300
2013-05-29,58.290000915527344,58.529998779296875,58.0,58.31999969482422,47.8701057434082,1739000
2013-05-30,58.459999084472656,58.93000030517578,58.2599983215332,58.540000915527344,48.05068588256836,1414000
2013-05-31,58.310001373291016,59.040000915527344,57.95000076293945,57.959999084472656,47.574607849121094,2196900
2013-06-03,58.119998931884766,58.58000183105469,57.43000030517578,57.83000183105469,47.467899322509766,2204900
2013-06-04,57.70000076293945,58.04999923706055,57.380001068115234,57.40999984741211,47.1231575012207,2068800
2013-06-05,57.18000030517578,57.310001373291016,56.25,56.27000045776367,46.18742752075195,2017400
2013-06-06,56.290000915527344,56.91999816894531,56.150001525878906,56.91999816894531,46.720951080322266,2383600
2013-06-07,57.119998931884766,57.41999816894531,56.7400016784668,56.939998626708984,46.73737335205078,1581700
2013-06-10,57.0,57.099998474121094,56.34000015258789,56.61000061035156,46.46649932861328,2161200
2013-06-11,56.279998779296875,57.08000183105469,55.970001220703125,56.380001068115234,46.2777099609375,1547800
2013-06-12,56.59000015258789,56.68000030517578,56.029998779296875,56.2599983215332,46.39317321777344,1499900
2013-06-13,56.25,57.290000915527344,56.040000915527344,57.189998626708984,47.160057067871094,1659600
2013-06-14,57.11000061035156,57.529998779296875,56.91999816894531,56.93000030517578,46.94565200805664,1518500
2013-06-17,57.16999816894531,57.5,57.08000183105469,57.33000183105469,47.2755126953125,1618200
2013-06-18,57.439998626708984,57.630001068115234,57.16999816894531,57.349998474121094,47.291988372802734,1119000
2013-06-19,57.33000183105469,57.41999816894531,56.75,56.779998779296875,46.82196044921875,2196700
2013-06-20,56.529998779296875,56.84000015258789,55.36000061035156,55.5,45.766441345214844,2725500
2013-06-21,55.970001220703125,56.029998779296875,55.16999816894531,55.81999969482422,46.03032302856445,4309300
2013-06-24,55.33000183105469,55.79999923706055,54.63999938964844,55.59000015258789,45.84065246582031,2335500
2013-06-25,55.97999954223633,56.41999816894531,55.54999923706055,56.349998474121094,46.467376708984375,2740900
2013-06-26,56.65999984741211,57.68000030517578,56.540000915527344,57.4900016784668,47.40743637084961,2791700
2013-06-27,57.68000030517578,58.20000076293945,57.41999816894531,57.84000015258789,47.696048736572266,1510500
2013-06-28,57.720001220703125,58.33000183105469,57.459999084472656,57.72999954223633,47.605369567871094,4738700
2013-07-01,57.810001373291016,58.43000030517578,57.810001373291016,57.97999954223633,47.811500549316406,1227500
2013-07-02,57.75,57.880001068115234,57.220001220703125,57.4900016784668,47.40743637084961,1890000
2013-07-03,57.119998931884766,57.630001068115234,57.02000045776367,57.2599983215332,47.21778869628906,894900
2013-07-05,57.58000183105469,57.970001220703125,57.33000183105469,57.93000030517578,47.7702751159668,1097400
2013-07-08,58.040000915527344,58.59000015258789,57.849998474121094,57.86000061035156,47.712547302246094,1180100
2013-07-09,58.08000183105469,58.459999084472656,57.709999084472656,58.029998779296875,47.85274124145508,1134800
2013-07-10,58.029998779296875,58.529998779296875,57.939998626708984,58.43000030517578,48.18259048461914,2120700
2013-07-11,58.90999984741211,59.43000030517578,58.849998474121094,59.04999923706055,48.69384765625,1836100
2013-07-12,59.04999923706055,59.75,58.86000061035156,59.540000915527344,49.09790802001953,1353300
2013-07-15,59.4900016784668,59.619998931884766,59.130001068115234,59.16999816894531,48.79280471801758,1353600
2013-07-16,59.099998474121094,59.58000183105469,59.029998779296875,59.31999969482422,48.9164924621582,1448700
2013-07-17,59.33000183105469,59.59000015258789,59.099998474121094,59.41999816894531,48.998958587646484,894100
2013-07-18,59.369998931884766,59.5,59.0,59.36000061035156,48.949493408203125,1222700
2013-07-19,59.459999084472656,60.08000183105469,59.2400016784668,59.849998474121094,49.35354232788086,2248800
2013-07-22,59.72999954223633,59.95000076293945,59.41999816894531,59.869998931884766,49.37004089355469,2566900
2013-07-23,59.75,60.689998626708984,59.75,59.97999954223633,49.46074295043945,2138100
2013-07-24,56.40999984741211,56.880001068115234,53.880001068115234,56.040000915527344,46.21172332763672,7396700
2013-07-25,55.95000076293945,55.97999954223633,54.189998626708984,54.25,44.73567199707031,5029600
2013-07-26,53.91999816894531,54.34000015258789,53.619998931884766,54.2599983215332,44.74391174316406,3245000
2013-07-29,54.02000045776367,54.459999084472656,53.7400016784668,54.0099983215332,44.53776550292969,2143500
2013-07-30,54.22999954223633,54.630001068115234,53.900001525878906,54.349998474121094,44.81813430786133,2568400
2013-07-31,54.560001373291016,55.2599983215332,54.130001068115234,54.83000183105469,45.21395492553711,2434000
2013-08-01,55.06999969482422,55.400001525878906,54.91999816894531,55.31999969482422,45.61800765991211,1417200
2013-08-02,55.31999969482422,56.130001068115234,55.150001525878906,56.02000045776367,46.19524383544922,1742500
2013-08-05,55.79999923706055,56.119998931884766,55.63999938964844,56.099998474121094,46.26121520996094,1190600
2013-08-06,55.91999816894531,56.52000045776367,55.84000015258789,56.400001525878906,46.508609771728516,1656500
2013-08-07,56.189998626708984,56.52000045776367,56.04999923706055,56.47999954223633,46.57457733154297,1679100
2013-08-08,56.599998474121094,57.15999984741211,56.2599983215332,57.130001068115234,47.11058044433594,1721100
2013-08-09,56.84000015258789,57.540000915527344,56.84000015258789,57.36000061035156,47.30024337768555,1534500
2013-08-12,57.04999923706055,57.560001373291016,56.79999923706055,57.439998626708984,47.3662109375,1898100
2013-08-13,57.38999938964844,57.939998626708984,57.31999969482422,57.84000015258789,47.696048736572266,1406500
2013-08-14,57.68000030517578,57.959999084472656,57.619998931884766,57.709999084472656,47.58885955810547,1392900
2013-08-15,57.099998474121094,57.099998474121094,56.52000045776367,56.959999084472656,46.97040939331055,3299600
2013-08-16,57.310001373291016,57.459999084472656,56.900001525878906,57.150001525878906,47.127071380615234,2011800
2013-08-19,56.970001220703125,57.52000045776367,56.939998626708984,57.09000015258789,47.077579498291016,1518600
2013-08-20,56.959999084472656,57.13999938964844,56.849998474121094,57.04999923706055,47.044612884521484,1913300
2013-08-21,56.86000061035156,57.0,55.779998779296875,56.060001373291016,46.228240966796875,3258900
2013-08-22,56.04999923706055,56.45000076293945,55.939998626708984,56.33000183105469,46.45088577270508,1435500
2013-08-23,56.4900016784668,56.84000015258789,56.310001373291016,56.7400016784668,46.78898620605469,1100300
2013-08-26,56.59000015258789,57.060001373291016,56.529998779296875,56.54999923706055,46.63228988647461,1001500
2013-08-27,56.029998779296875,56.349998474121094,55.70000076293945,56.119998931884766,46.277713775634766,1720600
2013-08-28,56.119998931884766,56.599998474121094,56.119998931884766,56.38999938964844,46.50035095214844,1308900
2013-08-29,56.2599983215332,56.43000030517578,55.970001220703125,56.189998626708984,46.335445404052734,1372400
2013-08-30,56.15999984741211,56.209999084472656,55.849998474121094,56.0099983215332,46.187007904052734,1408800
2013-09-03,56.380001068115234,57.0,56.040000915527344,56.279998779296875,46.40965270996094,1749400
2013-09-04,56.220001220703125,56.380001068115234,55.959999084472656,56.08000183105469,46.24473571777344,2384900
2013-09-05,55.93000030517578,56.59000015258789,55.93000030517578,56.16999816894531,46.318946838378906,1457900
2013-09-06,56.16999816894531,56.810001373291016,55.79999923706055,56.470001220703125,46.56632995605469,1894600
2013-09-09,56.630001068115234,58.0,56.630001068115234,57.59000015258789,47.489898681640625,2370800
2013-09-10,57.7599983215332,58.0,57.13999938964844,57.369998931884766,47.30848693847656,1794000
2013-09-11,56.9900016784668,57.31999969482422,56.63999938964844,57.25,47.46601486206055,1096500
2013-09-12,57.349998474121094,58.0,57.290000915527344,57.5,47.67329406738281,2043800
2013-09-13,57.439998626708984,57.529998779296875,57.150001525878906,57.459999084472656,47.64012145996094,1042300
2013-09-16,58.060001373291016,58.15999984741211,57.77000045776367,57.810001373291016,47.930320739746094,2050300
2013-09-17,57.7599983215332,58.290000915527344,57.7599983215332,58.279998779296875,48.31998825073242,1547200
2013-09-18,58.25,59.380001068115234,58.099998474121094,59.2599983215332,49.13250732421875,2663700
2013-09-19,59.220001220703125,59.91999816894531,59.20000076293945,59.689998626708984,49.48903274536133,2588000
2013-09-20,59.93000030517578,60.77000045776367,59.880001068115234,60.38999938964844,50.06940460205078,8420000
2013-09-23,60.15999984741211,60.38999938964844,60.04999923706055,60.369998931884766,50.05281066894531,1655200
2013-09-24,60.22999954223633,60.22999954223633,59.91999816894531,59.9900016784668,49.737754821777344,2714000
2013-09-25,59.79999923706055,60.119998931884766,59.529998779296875,59.849998474121094,49.62166976928711,1617800
2013-09-26,59.869998931884766,60.099998474121094,59.709999084472656,59.869998931884766,49.63826370239258,990700
2013-09-27,59.7400016784668,59.91999816894531,59.54999923706055,59.75,49.53876495361328,838700
2013-09-30,59.290000915527344,59.61000061035156,59.150001525878906,59.380001068115234,49.23199462890625,1420600
2013-10-01,59.41999816894531,60.88999938964844,59.2400016784668,60.88999938964844,50.483943939208984,2788000
2013-10-02,60.52000045776367,60.720001220703125,60.150001525878906,60.70000076293945,50.326412200927734,2405500
2013-10-03,60.47999954223633,60.790000915527344,60.34000015258789,60.560001373291016,50.21034622192383,1954300
2013-10-04,60.369998931884766,61.2400016784668,60.15999984741211,61.13999938964844,50.69123458862305,1978700
2013-10-07,60.65999984741211,61.56999969482422,60.529998779296875,60.88999938964844,50.483943939208984,1531300
2013-10-08,60.869998931884766,60.90999984741211,59.56999969482422,59.619998931884766,49.430992126464844,1569900
2013-10-09,59.81999969482422,59.88999938964844,58.93000030517578,59.38999938964844,49.24029541015625,1362400
2013-10-10,59.95000076293945,60.61000061035156,59.849998474121094,60.61000061035156,50.25179672241211,1133300
2013-10-11,60.380001068115234,60.84000015258789,60.310001373291016,60.52000045776367,50.17717742919922,1046200
2013-10-14,60.2599983215332,61.130001068115234,59.95000076293945,61.029998779296875,50.600013732910156,1405400
2013-10-15,60.709999084472656,61.0,60.459999084472656,60.4900016784668,50.152313232421875,1677900
2013-10-16,60.72999954223633,61.0,60.43000030517578,60.709999084472656,50.334693908691406,2014900
2013-10-17,60.400001525878906,60.970001220703125,60.25,60.91999816894531,50.50882339477539,1988900
2013-10-18,60.9900016784668,61.09000015258789,60.650001525878906,60.810001373291016,50.41761779785156,2562300
2013-10-21,60.880001068115234,61.20000076293945,60.81999969482422,61.18000030517578,50.72438430786133,1885700
2013-10-22,61.0,61.189998626708984,60.209999084472656,60.43000030517578,50.1025505065918,3228100
2013-10-23,61.68000030517578,66.38999938964844,60.68000030517578,62.400001525878906,51.73588943481445,8847300
2013-10-24,62.29999923706055,62.79999923706055,62.08000183105469,62.5099983215332,51.82708740234375,1802000
2013-10-25,62.650001525878906,63.060001373291016,62.41999816894531,62.9900016784668,52.225059509277344,1523800
2013-10-28,63.0,63.11000061035156,62.33000183105469,62.439998626708984,51.76905059814453,1261600
2013-10-29,62.790000915527344,63.060001373291016,62.52000045776367,62.72999954223633,52.009490966796875,930000
2013-10-30,62.689998626708984,62.790000915527344,61.95000076293945,62.25,51.61152267456055,1121200
2013-10-31,62.310001373291016,62.97999954223633,62.08000183105469,62.52000045776367,51.835384368896484,1167700
2013-11-01,62.68000030517578,62.849998474121094,61.9900016784668,62.38999938964844,51.72759246826172,1199100
2013-11-04,62.400001525878906,62.880001068115234,62.400001525878906,62.709999084472656,51.99290466308594,1125300
2013-11-05,62.58000183105469,63.0,62.52000045776367,62.68000030517578,51.9680290222168,807400
2013-11-06,62.88999938964844,63.20000076293945,62.61000061035156,62.650001525878906,51.94316101074219,1144500
2013-11-07,62.849998474121094,63.41999816894531,62.439998626708984,62.4900016784668,51.81050109863281,1602100
2013-11-08,62.599998474121094,63.16999816894531,62.599998474121094,63.119998931884766,52.33283233642578,1172000
2013-11-11,63.0,63.689998626708984,62.939998626708984,63.5099983215332,52.65618896484375,1031900
2013-11-12,63.5099983215332,64.25,63.41999816894531,64.23999786376953,53.26142501831055,1192000
2013-11-13,64.0,64.4800033569336,63.79999923706055,64.44999694824219,53.4355354309082,1213200
2013-11-14,64.41000366210938,64.97000122070312,64.2699966430664,64.58000183105469,53.54332733154297,1086500
2013-11-15,64.80999755859375,65.79000091552734,64.7300033569336,65.56999969482422,54.36414337158203,1500800
2013-11-18,65.48999786376953,65.79000091552734,65.19000244140625,65.41999816894531,54.2397575378418,1208600
2013-11-19,65.30000305175781,65.5,64.55000305175781,64.61000061035156,53.56819152832031,1120000
2013-11-20,64.79000091552734,65.06999969482422,64.51000213623047,64.58000183105469,53.54332733154297,1300300
2013-11-21,64.8499984741211,65.45999908447266,64.69000244140625,65.41000366210938,54.231475830078125,1468500
2013-11-22,65.38999938964844,65.94999694824219,65.16000366210938,65.87999725341797,54.62117004394531,743900
2013-11-25,65.83000183105469,66.13999938964844,65.5999984741211,65.79000091552734,54.54656219482422,721200
2013-11-26,65.8499984741211,65.98999786376953,65.22000122070312,65.56999969482422,54.36414337158203,1914700
2013-11-27,65.6500015258789,65.95999908447266,65.33999633789062,65.5,54.30610656738281,1204600
2013-11-29,65.58999633789062,66.29000091552734,65.33000183105469,65.87999725341797,54.62117004394531,764600
2013-12-02,65.75,66.12999725341797,65.43000030517578,65.66000366210938,54.438758850097656,928600
2013-12-03,65.37999725341797,65.83999633789062,65.0,65.79000091552734,54.54656219482422,927600
2013-12-04,65.37000274658203,65.69999694824219,64.62999725341797,64.93000030517578,53.833518981933594,1357400
2013-12-05,64.75,65.56999969482422,64.69999694824219,65.2300033569336,54.082252502441406,1084800
2013-12-06,65.58999633789062,66.33000183105469,65.41000366210938,66.18000030517578,54.8698844909668,1131900
2013-12-09,66.0199966430664,66.26000213623047,65.6500015258789,65.79000091552734,54.54656219482422,923100
2013-12-10,65.51000213623047,66.08999633789062,65.12999725341797,65.41000366210938,54.231475830078125,1431100
2013-12-11,64.83000183105469,65.41999816894531,64.55000305175781,64.5999984741211,53.8149528503418,1150900
2013-12-12,64.4000015258789,65.0999984741211,64.20999908447266,64.86000061035156,54.03155517578125,1334700
2013-12-13,64.8499984741211,65.2300033569336,64.61000061035156,65.05000305175781,54.18983459472656,1233600
2013-12-16,65.05000305175781,65.5,64.83999633789062,65.36000061035156,54.448062896728516,1154900
2013-12-17,65.08999633789062,65.79000091552734,64.83999633789062,65.5199966430664,54.58135223388672,1175100
2013-12-18,65.44000244140625,66.16999816894531,64.98999786376953,66.16000366210938,55.11450958251953,1015300
2013-12-19,66.05999755859375,66.3499984741211,65.81999969482422,65.8499984741211,54.856258392333984,2152300
2013-12-20,65.6500015258789,66.08000183105469,65.58999633789062,65.61000061035156,54.656333923339844,3196500
2013-12-23,66.0,66.87999725341797,65.66000366210938,66.77999877929688,55.63099670410156,1744500
2013-12-24,66.52999877929688,67.27999877929688,66.5,67.0999984741211,55.89756774902344,538500
2013-12-26,67.08999633789062,67.48999786376953,66.94000244140625,67.18000030517578,55.9642219543457,861100
2013-12-27,67.12000274658203,67.61000061035156,67.02999877929688,67.33000183105469,56.08917999267578,599800
2013-12-30,67.11000061035156,67.66999816894531,67.11000061035156,67.25,56.02252960205078,590900
2013-12-31,67.18000030517578,67.63999938964844,67.1500015258789,67.5,56.230804443359375,647800
2014-01-02,67.37000274658203,67.48999786376953,65.83999633789062,66.33000183105469,55.256126403808594,1101600
2014-01-03,66.48999786376953,66.63999938964844,66.16000366210938,66.19999694824219,55.14783477783203,801600
2014-01-06,66.47000122070312,66.66999816894531,65.91000366210938,65.91999816894531,54.914581298828125,1033000
2014-01-07,65.91999816894531,66.4800033569336,65.73999786376953,66.19000244140625,55.13949966430664,1010300
2014-01-08,66.23999786376953,66.33999633789062,65.80000305175781,65.98999786376953,54.97288131713867,900700
2014-01-09,66.16000366210938,66.66000366210938,66.08000183105469,66.5,55.397735595703125,954600
2014-01-10,66.68000030517578,66.69000244140625,65.88999938964844,66.1500015258789,55.106178283691406,2491200
2014-01-13,66.16000366210938,66.73999786376953,65.31999969482422,65.48999786376953,54.556373596191406,1224100
2014-01-14,65.81999969482422,66.44000244140625,65.76000213623047,66.3499984741211,55.272789001464844,836400
2014-01-15,66.38999938964844,66.4800033569336,65.54000091552734,65.62000274658203,54.6646614074707,1992000
2014-01-16,65.69999694824219,65.9800033569336,65.52999877929688,65.80999755859375,54.82295227050781,1012100
2014-01-17,66.16999816894531,66.66999816894531,65.91000366210938,66.0999984741211,55.06452941894531,1907000
2014-01-21,66.88999938964844,67.69000244140625,66.7699966430664,67.11000061035156,55.90592956542969,2300600
2014-01-22,63.84000015258789,65.66999816894531,62.68000030517578,64.51000213623047,53.73997116088867,4388000
2014-01-23,64.68000030517578,65.41999816894531,64.55999755859375,65.33999633789062,54.431392669677734,2821300
2014-01-24,65.16000366210938,65.16000366210938,64.41999816894531,64.41999816894531,53.66501235961914,1698800
2014-01-27,64.54000091552734,64.87999725341797,64.12999725341797,64.43000030517578,53.673336029052734,987800
2014-01-28,64.44000244140625,64.7300033569336,64.11000061035156,64.33999633789062,53.59835433959961,1431500
2014-01-29,63.9900016784668,64.63999938964844,63.77000045776367,63.97999954223633,53.298458099365234,1474300
2014-01-30,64.7300033569336,65.19999694824219,64.55000305175781,64.91000366210938,54.07320022583008,1178200
2014-01-31,64.12000274658203,64.33000183105469,63.7400016784668,63.79999923706055,53.14851379394531,2110700
2014-02-03,63.900001525878906,63.97999954223633,62.66999816894531,62.720001220703125,52.24882507324219,1394300
2014-02-04,63.0,63.310001373291016,62.619998931884766,62.9900016784668,52.473758697509766,916500
2014-02-05,62.90999984741211,63.11000061035156,62.5,62.88999938964844,52.39044952392578,1118000
2014-02-06,63.099998474121094,63.470001220703125,63.0099983215332,63.400001525878906,52.81529998779297,862700
2014-02-07,63.599998474121094,64.62000274658203,63.43000030517578,64.5999984741211,53.8149528503418,1290100
2014-02-10,64.58999633789062,65.12999725341797,64.31999969482422,65.08000183105469,54.21481704711914,1096100
2014-02-11,65.19000244140625,65.4000015258789,64.77999877929688,65.02999877929688,54.17315673828125,1200700
2014-02-12,65.06999969482422,65.8499984741211,65.06999969482422,65.77999877929688,54.797950744628906,1086600
2014-02-13,65.30999755859375,65.80999755859375,65.30999755859375,65.66999816894531,54.70630645751953,639200
2014-02-14,65.68000030517578,65.80999755859375,65.52999877929688,65.61000061035156,54.656333923339844,592200
2014-02-18,65.79000091552734,65.98999786376953,65.55999755859375,65.77999877929688,54.797950744628906,690000
2014-02-19,65.58999633789062,65.76000213623047,64.91999816894531,64.93000030517578,54.089874267578125,826100
2014-02-20,64.98999786376953,65.27999877929688,64.58999633789062,65.22000122070312,54.33143997192383,994900
2014-02-21,65.55000305175781,65.81999969482422,65.0,65.0199966430664,54.164817810058594,797900
2014-02-24,64.94999694824219,65.55000305175781,64.83999633789062,64.95999908447266,54.11484909057617,766000
2014-02-25,65.01000213623047,65.52999877929688,64.88999938964844,65.0999984741211,54.231475830078125,795700
2014-02-26,65.13999938964844,65.54000091552734,64.66999816894531,65.44999694824219,54.523048400878906,957000
2014-02-27,65.19000244140625,65.91000366210938,65.0199966430664,65.9000015258789,54.897918701171875,853400
2014-02-28,65.93000030517578,66.33999633789062,65.7699966430664,66.19999694824219,55.14783477783203,2038200
2014-03-03,65.80000305175781,66.12000274658203,65.38999938964844,65.9800033569336,54.96457290649414,896700
2014-03-04,66.31999969482422,67.5,66.29000091552734,66.76000213623047,55.61434555053711,1632000
2014-03-05,66.58999633789062,66.73999786376953,66.18000030517578,66.33000183105469,55.256126403808594,821800
2014-03-06,66.4000015258789,66.79000091552734,66.31999969482422,66.56999969482422,55.456050872802734,687200
2014-03-07,66.69999694824219,66.94999694824219,66.44000244140625,66.63999938964844,55.514373779296875,628800
2014-03-10,66.54000091552734,66.66000366210938,66.12999725341797,66.43000030517578,55.33943176269531,724600
2014-03-11,66.5,66.56999969482422,65.97000122070312,66.08000183105469,55.04785919189453,843200
2014-03-12,62.790000915527344,65.38999938964844,62.470001220703125,65.0199966430664,54.42012023925781,1469000
2014-03-13,65.05999755859375,65.16999816894531,64.11000061035156,64.20999908447266,53.742183685302734,1242900
2014-03-14,63.84000015258789,64.13999938964844,63.4900016784668,63.66999816894531,53.290225982666016,1142300
2014-03-17,64.05999755859375,65.13999938964844,63.88999938964844,65.08000183105469,54.47036361694336,1278600
2014-03-18,65.12000274658203,66.08999633789062,65.0999984741211,65.72000122070312,55.00601577758789,1053200
2014-03-19,65.73999786376953,66.37000274658203,65.30999755859375,65.69999694824219,54.98927688598633,912900
2014-03-20,65.45999908447266,66.94999694824219,65.26000213623047,66.66000366210938,55.792781829833984,1051800
2014-03-21,67.20999908447266,67.33999633789062,66.47000122070312,66.80999755859375,55.91831970214844,2518200
2014-03-24,66.80000305175781,66.87000274658203,65.83000183105469,66.05000305175781,55.28221893310547,1021700
2014-03-25,66.2699966430664,66.68000030517578,65.7699966430664,66.18000030517578,55.391021728515625,834900
2014-03-26,66.44999694824219,66.7699966430664,65.13999938964844,65.16000366210938,54.53731155395508,1121700
2014-03-27,64.79000091552734,65.13999938964844,63.97999954223633,64.36000061035156,53.86772155761719,1151600
2014-03-28,64.54000091552734,64.81999969482422,64.1500015258789,64.30000305175781,53.817527770996094,752800
2014-03-31,64.5199966430664,64.97000122070312,64.20999908447266,64.29000091552734,53.80915069580078,1063400
2014-04-01,64.4000015258789,64.9800033569336,64.16999816894531,64.91000366210938,54.328067779541016,1067900
2014-04-02,64.95999908447266,65.5199966430664,64.77999877929688,65.0999984741211,54.48709487915039,844500
2014-04-03,64.83000183105469,65.5999984741211,64.75,65.08999633789062,54.478721618652344,1072500
2014-04-04,65.27999877929688,65.5999984741211,64.22000122070312,64.26000213623047,53.784034729003906,1281600
2014-04-07,64.08000183105469,64.69000244140625,64.08000183105469,64.43000030517578,53.92631912231445,1215900
2014-04-08,64.31999969482422,65.29000091552734,64.20999908447266,64.94999694824219,54.36154556274414,1511400
2014-04-09,65.0,65.44999694824219,64.8499984741211,65.26000213623047,54.62100601196289,1019500
2014-04-10,65.26000213623047,65.36000061035156,63.900001525878906,63.9900016784668,53.55805969238281,920500
2014-04-11,63.70000076293945,64.43000030517578,63.31999969482422,63.38999938964844,53.05586624145508,905300
2014-04-14,63.72999954223633,63.970001220703125,63.2599983215332,63.779998779296875,53.382286071777344,843400
2014-04-15,65.0999984741211,65.0999984741211,62.84000015258789,63.369998931884766,53.039127349853516,6307100
2014-04-16,63.52000045776367,63.52000045776367,62.20000076293945,63.22999954223633,52.92195129394531,2453100
2014-04-17,63.06999969482422,63.27000045776367,62.06999969482422,63.150001525878906,52.85499572753906,2666500
2014-04-21,62.90999984741211,62.90999984741211,62.08000183105469,62.5099983215332,52.3193244934082,1428300
2014-04-22,62.5,63.52000045776367,62.25,63.27000045776367,52.955421447753906,2119800
2014-04-23,63.380001068115234,63.630001068115234,62.63999938964844,63.290000915527344,52.972164154052734,1530400
2014-04-24,63.61000061035156,63.77000045776367,62.91999816894531,63.0,52.72944259643555,1280800
2014-04-25,62.869998931884766,62.95000076293945,62.20000076293945,62.5,52.31095886230469,1083800
2014-04-28,63.06999969482422,63.47999954223633,62.22999954223633,62.63999938964844,52.42811965942383,2031600
2014-04-29,63.0,63.66999816894531,62.709999084472656,63.43000030517578,53.0893440246582,1152700
2014-04-30,63.43000030517578,63.779998779296875,63.060001373291016,63.58000183105469,53.21489334106445,1574500
2014-05-01,60.18000030517578,62.7400016784668,59.91999816894531,62.650001525878906,52.43650817871094,4819100
2014-05-02,62.540000915527344,65.87999725341797,62.369998931884766,65.51000213623047,54.83026885986328,5733900
2014-05-05,65.05999755859375,67.38999938964844,65.0199966430664,66.1500015258789,55.36591339111328,7600300
2014-05-06,65.79000091552734,66.91999816894531,65.58999633789062,66.4000015258789,55.575172424316406,5453100
2014-05-07,66.26000213623047,67.26000213623047,66.12000274658203,67.13999938964844,56.19453048706055,2506600
2014-05-08,66.93000030517578,67.87999725341797,66.83000183105469,67.37999725341797,56.3953857421875,1968900
2014-05-09,67.36000061035156,67.66999816894531,66.81999969482422,67.26000213623047,56.29496383666992,1928600
2014-05-12,67.37000274658203,68.0999984741211,67.37000274658203,67.80000305175781,56.74695587158203,1274400
2014-05-13,67.7300033569336,68.33000183105469,67.51000213623047,67.75,56.705074310302734,1453800
2014-05-14,67.62999725341797,67.94000244140625,67.16000366210938,67.19999694824219,56.244747161865234,1159300
2014-05-15,67.33000183105469,67.44999694824219,66.19999694824219,66.33999633789062,55.524940490722656,1859300
2014-05-16,66.41999816894531,66.5,65.83999633789062,66.30000305175781,55.49146270751953,4270700
2014-05-19,66.23999786376953,67.06999969482422,66.08000183105469,66.87999725341797,55.97690200805664,1604600
2014-05-20,66.88999938964844,66.98999786376953,66.1500015258789,66.5199966430664,55.67559814453125,3607900
2014-05-21,66.77999877929688,67.18000030517578,66.69000244140625,66.88999938964844,55.985294342041016,944200
2014-05-22,66.27999877929688,66.94999694824219,66.04000091552734,66.62999725341797,55.76767349243164,1613800
2014-05-23,66.68000030517578,67.18000030517578,66.51000213623047,67.0,56.07734680175781,2423600
2014-05-27,67.19000244140625,67.29000091552734,66.9800033569336,67.0199966430664,56.09408187866211,1699600
2014-05-28,67.12000274658203,67.18000030517578,66.91000366210938,66.93000030517578,56.01875305175781,1766500
2014-05-29,67.05000305175781,67.0999984741211,66.9000015258789,66.91000366210938,56.00202178955078,1259000
2014-05-30,67.05999755859375,67.77999877929688,66.87000274658203,67.41999816894531,56.428871154785156,3006400
2014-06-02,67.37999725341797,67.75,67.20999908447266,67.4000015258789,56.41215133666992,1296400
2014-06-03,66.94000244140625,67.47000122070312,66.81999969482422,66.86000061035156,55.96015548706055,1481900
2014-06-04,66.62999725341797,67.25,66.61000061035156,67.2300033569336,56.26984405517578,1232700
2014-06-05,67.2300033569336,67.70999908447266,67.08999633789062,67.16999816894531,56.219627380371094,1651800
2014-06-06,67.30999755859375,67.7300033569336,67.23999786376953,67.66000366210938,56.62977600097656,1282400
2014-06-09,67.52999877929688,67.97000122070312,67.52999877929688,67.66999816894531,56.638126373291016,1130300
2014-06-10,67.73999786376953,67.95999908447266,67.5,67.69999694824219,56.66322708129883,1305000
2014-06-11,67.33999633789062,67.5,66.8499984741211,66.93000030517578,56.276451110839844,1017800
2014-06-12,66.83999633789062,67.02999877929688,66.29000091552734,66.45999908447266,55.88125991821289,1310000
2014-06-13,66.69999694824219,67.08999633789062,66.62999725341797,66.77999877929688,56.15032196044922,695400
2014-06-16,66.70999908447266,67.12999725341797,66.66000366210938,66.72000122070312,56.099884033203125,962000
2014-06-17,66.61000061035156,66.91000366210938,66.52999877929688,66.63999938964844,56.032596588134766,712700
2014-06-18,66.75,66.88999938964844,66.5199966430664,66.62000274658203,56.01580047607422,1191100
2014-06-19,66.61000061035156,67.06999969482422,66.61000061035156,67.05999755859375,56.38575744628906,1285100
2014-06-20,67.23999786376953,67.5,66.94999694824219,67.06999969482422,56.39417266845703,2179700
2014-06-23,67.04000091552734,67.31999969482422,66.91000366210938,67.0999984741211,56.41938400268555,817200
2014-06-24,66.94000244140625,67.19000244140625,66.69999694824219,66.7300033569336,56.10829544067383,987400
2014-06-25,66.61000061035156,66.61000061035156,66.2699966430664,66.55000305175781,55.956947326660156,905100
2014-06-26,66.68000030517578,66.68000030517578,66.16000366210938,66.55999755859375,55.96533203125,575100
2014-06-27,66.33000183105469,66.8499984741211,66.05000305175781,66.77999877929688,56.15032196044922,3307400
2014-06-30,66.88999938964844,66.97000122070312,66.51000213623047,66.56999969482422,55.9737434387207,2656500
2014-07-01,66.9000015258789,67.2699966430664,66.83999633789062,66.95999908447266,56.30167007446289,2449700
2014-07-02,66.76000213623047,67.08000183105469,66.68000030517578,67.0199966430664,56.35211181640625,942500
2014-07-03,67.22000122070312,67.4800033569336,67.05999755859375,67.41000366210938,56.6800422668457,553500
2014-07-07,67.18000030517578,67.55999755859375,67.18000030517578,67.23999786376953,56.537086486816406,939700
2014-07-08,66.97000122070312,67.20999908447266,65.9800033569336,66.2699966430664,55.72150802612305,2590300
2014-07-09,66.37000274658203,66.68000030517578,66.23999786376953,66.58000183105469,55.982154846191406,1173800
2014-07-10,66.0999984741211,66.5999984741211,65.94999694824219,66.44999694824219,55.872859954833984,935800
2014-07-11,66.31999969482422,66.37000274658203,65.9000015258789,66.0,55.49447250366211,978800
2014-07-14,66.02999877929688,66.5199966430664,66.01000213623047,66.08000183105469,55.561744689941406,1079600
2014-07-15,66.22000122070312,66.44000244140625,65.0199966430664,65.48999786376953,55.06566619873047,2549600
2014-07-16,65.70999908447266,65.9800033569336,65.56999969482422,65.66999816894531,55.21701431274414,1612600
2014-07-17,65.4800033569336,65.6500015258789,64.91000366210938,64.94000244140625,54.603206634521484,1475700
2014-07-18,65.26000213623047,65.68000030517578,65.06999969482422,65.48999786376953,55.06566619873047,1842900
2014-07-21,65.44999694824219,65.87999725341797,65.30000305175781,65.73999786376953,55.27587890625,1259800
2014-07-22,65.94000244140625,66.41999816894531,65.80000305175781,66.05000305175781,55.53651809692383,1104400
2014-07-23,66.08000183105469,66.08999633789062,65.66999816894531,65.7699966430664,55.30107879638672,914100
2014-07-24,66.0,66.02999877929688,65.52999877929688,65.61000061035156,55.16654968261719,1192700
2014-07-25,65.44000244140625,65.44999694824219,64.91999816894531,65.0,54.65364074707031,792100
2014-07-28,64.95999908447266,65.36000061035156,64.77999877929688,65.20999908447266,54.830238342285156,757900
2014-07-29,65.31999969482422,65.48999786376953,64.72000122070312,64.73999786376953,54.43503189086914,1141900
2014-07-30,64.98999786376953,65.06999969482422,64.58000183105469,64.83000183105469,54.51072311401367,1015100
2014-07-31,64.5199966430664,64.61000061035156,63.59000015258789,63.68000030517578,53.543758392333984,1617700
2014-08-01,63.79999923706055,64.19000244140625,63.54999923706055,63.81999969482422,53.66147994995117,1130100
2014-08-04,63.79999923706055,64.3499984741211,63.599998474121094,64.11000061035156,53.90531539916992,2604200
2014-08-05,61.52000045776367,62.7599983215332,60.540000915527344,61.38999938964844,51.61826705932617,3399900
2014-08-06,61.02000045776367,61.439998626708984,60.56999969482422,61.209999084472656,51.46693420410156,3200700
2014-08-07,61.25,62.29999923706055,61.189998626708984,61.25,51.50056457519531,2258100
2014-08-08,61.380001068115234,62.209999084472656,61.209999084472656,62.189998626708984,52.29092788696289,1499600
2014-08-11,62.2400016784668,62.29999923706055,61.709999084472656,61.72999954223633,51.904151916503906,948800
2014-08-12,61.72999954223633,61.84000015258789,61.25,61.63999938964844,51.8284912109375,1229200
2014-08-13,61.83000183105469,62.310001373291016,61.709999084472656,62.029998779296875,52.156402587890625,1658500
2014-08-14,62.119998931884766,62.16999816894531,61.45000076293945,61.52000045776367,51.72758865356445,1451000
2014-08-15,61.83000183105469,61.869998931884766,60.689998626708984,61.0,51.29036331176758,2979600
2014-08-18,61.310001373291016,61.619998931884766,60.790000915527344,60.810001373291016,51.13058853149414,4838800
2014-08-19,60.880001068115234,61.619998931884766,60.880001068115234,61.369998931884766,51.60145568847656,2702000
2014-08-20,61.31999969482422,61.79999923706055,61.2599983215332,61.63999938964844,51.8284912109375,1419200
2014-08-21,61.540000915527344,61.7599983215332,61.36000061035156,61.70000076293945,51.87894058227539,1578800
2014-08-22,61.68000030517578,61.689998626708984,61.209999084472656,61.22999954223633,51.48374938964844,1482100
2014-08-25,61.52000045776367,61.599998474121094,60.9900016784668,61.02000045776367,51.30716323852539,1194300
2014-08-26,61.13999938964844,61.18000030517578,60.220001220703125,60.29999923706055,50.7017822265625,2413500
2014-08-27,60.29999923706055,60.540000915527344,59.459999084472656,59.68000030517578,50.180477142333984,2108100
2014-08-28,59.40999984741211,59.599998474121094,59.220001220703125,59.369998931884766,49.91980743408203,1992900
2014-08-29,59.540000915527344,59.630001068115234,59.029998779296875,59.400001525878906,49.94504165649414,2113700
2014-09-02,59.310001373291016,59.439998626708984,58.86000061035156,59.0099983215332,49.61711883544922,2270900
2014-09-03,58.970001220703125,59.18000030517578,58.7400016784668,58.939998626708984,49.558250427246094,2255600
2014-09-04,58.970001220703125,59.150001525878906,58.86000061035156,58.97999954223633,49.591880798339844,2950500
2014-09-05,58.90999984741211,59.11000061035156,58.61000061035156,58.88999938964844,49.516212463378906,2447700
2014-09-08,58.880001068115234,61.130001068115234,58.72999954223633,61.02000045776367,51.30716323852539,11481100
2014-09-09,60.880001068115234,61.189998626708984,60.45000076293945,61.08000183105469,51.35761642456055,2577800
2014-09-10,61.099998474121094,61.40999984741211,61.0099983215332,61.220001220703125,51.47532272338867,1766900
2014-09-11,60.7400016784668,61.2400016784668,60.68000030517578,61.220001220703125,51.7628059387207,1117300
2014-09-12,61.11000061035156,61.72999954223633,60.880001068115234,61.540000915527344,52.03337478637695,2069600
2014-09-15,61.599998474121094,61.599998474121094,61.189998626708984,61.41999816894531,51.93191909790039,1838200
2014-09-16,61.27000045776367,61.86000061035156,61.27000045776367,61.689998626708984,52.16020202636719,1476400
2014-09-17,61.720001220703125,62.099998474121094,61.650001525878906,61.90999984741211,52.34622573852539,2275200
2014-09-18,61.959999084472656,62.150001525878906,61.630001068115234,62.040000915527344,52.45614242553711,1952400
2014-09-19,62.2400016784668,62.43000030517578,61.54999923706055,61.880001068115234,52.32086181640625,2332500
2014-09-22,61.689998626708984,61.93000030517578,61.150001525878906,61.68000030517578,52.151756286621094,1479200
2014-09-23,61.529998779296875,61.77000045776367,61.369998931884766,61.56999969482422,52.05875778198242,1491900
2014-09-24,61.459999084472656,61.869998931884766,61.220001220703125,61.79999923706055,52.25321960449219,1765300
2014-09-25,61.72999954223633,62.41999816894531,61.459999084472656,62.2400016784668,52.62525177001953,2384200
2014-09-26,62.27000045776367,63.45000076293945,62.2599983215332,63.41999816894531,53.62295150756836,3410400
2014-09-29,62.959999084472656,63.31999969482422,62.52000045776367,63.18000030517578,53.42002487182617,2216600
2014-09-30,63.18000030517578,63.41999816894531,63.0,63.279998779296875,53.504573822021484,1635500
2014-10-01,63.380001068115234,63.380001068115234,62.27000045776367,62.34000015258789,52.70979309082031,3382100
2014-10-02,62.060001373291016,62.20000076293945,60.86000061035156,61.029998779296875,51.60216522216797,2723200
2014-10-03,61.08000183105469,61.47999954223633,60.63999938964844,61.29999923706055,51.83045196533203,1798400
2014-10-06,61.29999923706055,61.709999084472656,61.13999938964844,61.5,51.99955749511719,1399500
2014-10-07,61.22999954223633,61.540000915527344,60.470001220703125,60.470001220703125,51.12867736816406,1467300
2014-10-08,60.40999984741211,61.63999938964844,60.130001068115234,61.58000183105469,52.067195892333984,1810200
2014-10-09,61.349998474121094,61.70000076293945,60.380001068115234,60.459999084472656,51.12021255493164,1427200
2014-10-10,60.34000015258789,60.560001373291016,59.029998779296875,59.04999923706055,49.92802810668945,2057400
2014-10-13,59.06999969482422,59.22999954223633,58.33000183105469,58.5,49.46299743652344,2072000
2014-10-14,58.880001068115234,59.43000030517578,58.5099983215332,58.72999954223633,49.657470703125,1719200
2014-10-15,58.2599983215332,59.459999084472656,57.790000915527344,59.31999969482422,50.15633010864258,2551700
2014-10-16,58.349998474121094,59.5,58.349998474121094,59.18000030517578,50.0379524230957,1579500
2014-10-17,59.599998474121094,60.93000030517578,59.599998474121094,60.790000915527344,51.399234771728516,2226800
2014-10-20,60.560001373291016,61.2599983215332,60.33000183105469,61.25,51.788177490234375,1428800
2014-10-21,61.75,62.459999084472656,61.41999816894531,62.38999938964844,52.75206756591797,1351200
2014-10-22,62.369998931884766,62.61000061035156,61.560001373291016,61.630001068115234,52.109474182128906,1451300
2014-10-23,62.310001373291016,62.5,62.119998931884766,62.25,52.633705139160156,2149800
2014-10-24,62.25,62.65999984741211,62.119998931884766,62.56999969482422,52.90424728393555,1600400
2014-10-27,62.560001373291016,62.970001220703125,62.130001068115234,62.79999923706055,53.09874725341797,1788000
2014-10-28,62.84000015258789,64.05999755859375,62.47999954223633,64.05999755859375,54.16408920288086,2645600
2014-10-29,64.0,64.51000213623047,63.7400016784668,63.939998626708984,54.0626220703125,2370400
2014-10-30,63.91999816894531,64.31999969482422,62.380001068115234,64.08000183105469,54.18100357055664,2456700
2014-10-31,64.41000366210938,65.1500015258789,64.41000366210938,64.5,54.53612518310547,3633700
2014-11-03,64.51000213623047,64.97000122070312,64.0999984741211,64.68000030517578,54.68832778930664,2593200
2014-11-04,64.69000244140625,66.98999786376953,64.61000061035156,66.76000213623047,56.44700241088867,4057100
2014-11-05,66.5,66.69999694824219,63.56999969482422,64.45999908447266,54.502288818359375,4288400
2014-11-06,64.45999908447266,64.45999908447266,63.29999923706055,63.41999816894531,53.62295150756836,2683600
2014-11-07,63.439998626708984,64.16000366210938,62.61000061035156,64.13999938964844,54.23173904418945,3142700
2014-11-10,64.12999725341797,64.4000015258789,63.709999084472656,63.939998626708984,54.0626220703125,2450000
2014-11-11,63.970001220703125,64.0,63.43000030517578,63.54999923706055,53.73287582397461,1929200
2014-11-12,63.41999816894531,63.939998626708984,63.349998474121094,63.70000076293945,53.85969924926758,1569400
2014-11-13,63.86000061035156,64.51000213623047,63.86000061035156,64.43000030517578,54.476924896240234,1655800
2014-11-14,64.37999725341797,65.2699966430664,64.11000061035156,65.25,55.170257568359375,1314900
2014-11-17,65.0,65.4000015258789,64.9000015258789,65.4000015258789,55.297088623046875,1921300
2014-11-18,65.4000015258789,66.2300033569336,65.2699966430664,66.0,55.80440139770508,1394300
2014-11-19,65.98999786376953,66.13999938964844,65.61000061035156,65.94000244140625,55.75367736816406,1175200
2014-11-20,65.86000061035156,66.11000061035156,65.58000183105469,65.66000366210938,55.516929626464844,1958800
2014-11-21,66.26000213623047,66.47000122070312,65.22000122070312,65.2699966430664,55.18717575073242,2656600
2014-11-24,65.37999725341797,65.97000122070312,65.23999786376953,65.80999755859375,55.643760681152344,1601000
2014-11-25,65.80000305175781,65.87000274658203,65.55999755859375,65.5999984741211,55.46619415283203,1043000
2014-11-26,65.58999633789062,65.87999725341797,65.52999877929688,65.55999755859375,55.4323616027832,842600
2014-11-28,65.19999694824219,66.08000183105469,65.19999694824219,65.72000122070312,55.56766128540039,728900
2014-12-01,65.58999633789062,65.76000213623047,65.41999816894531,65.44000244140625,55.33091735839844,1250300
2014-12-02,65.44000244140625,65.69000244140625,65.2699966430664,65.51000213623047,55.39011001586914,1129200
2014-12-03,65.51000213623047,65.76000213623047,65.23999786376953,65.31999969482422,55.22945785522461,1865200
2014-12-04,65.4000015258789,65.66999816894531,65.08999633789062,65.19999694824219,55.12797927856445,1407200
2014-12-05,65.29000091552734,65.33999633789062,64.7300033569336,65.0,54.95888137817383,1495300
2014-12-08,65.11000061035156,65.79000091552734,65.04000091552734,65.2699966430664,55.18717575073242,1168600
2014-12-09,64.83999633789062,65.30999755859375,64.41000366210938,65.29000091552734,55.2040901184082,767200
2014-12-10,65.31999969482422,65.31999969482422,63.47999954223633,63.52000045776367,53.70751190185547,1191900
2014-12-11,63.290000915527344,64.33999633789062,63.20000076293945,63.290000915527344,53.801025390625,1506600
2014-12-12,62.95000076293945,63.279998779296875,62.310001373291016,62.310001373291016,52.96794509887695,2087100
2014-12-15,62.70000076293945,62.97999954223633,61.63999938964844,61.90999984741211,52.62791061401367,1520200
2014-12-16,61.81999969482422,63.029998779296875,61.630001068115234,61.72999954223633,52.47490692138672,1843000
2014-12-17,62.439998626708984,64.12000274658203,62.41999816894531,63.9900016784668,54.39606857299805,1913600
2014-12-18,64.73999786376953,65.12000274658203,64.4000015258789,65.11000061035156,55.34814453125,1844700
2014-12-19,65.43000030517578,65.83000183105469,64.9800033569336,65.5,55.67969512939453,3263600
2014-12-22,65.47000122070312,66.52999877929688,65.47000122070312,66.52999877929688,56.55524444580078,1354600
2014-12-23,66.63999938964844,67.11000061035156,66.54000091552734,66.93000030517578,56.89528274536133,1210600
2014-12-24,66.94000244140625,67.69999694824219,66.94000244140625,67.33999633789062,57.24380111694336,705800
2014-12-26,67.43000030517578,67.75,67.33000183105469,67.48999786376953,57.37132263183594,733700
2014-12-29,67.23999786376953,67.87000274658203,67.13999938964844,67.87000274658203,57.69434356689453,949900
2014-12-30,67.61000061035156,67.9800033569336,67.51000213623047,67.52999877929688,57.405311584472656,980800
2014-12-31,67.54000091552734,67.75,67.02999877929688,67.08000183105469,57.022789001464844,972800
2015-01-02,67.54000091552734,67.7300033569336,66.36000061035156,66.51000213623047,56.538246154785156,1077900
2015-01-05,66.23999786376953,66.47000122070312,64.95999908447266,65.05999755859375,55.305641174316406,1628800
2015-01-06,65.0,65.22000122070312,64.11000061035156,64.51000213623047,54.83810043334961,1738500
2015-01-07,65.0,65.0,63.93000030517578,64.43000030517578,54.770084381103516,1567600
2015-01-08,64.91000366210938,65.62999725341797,64.87999725341797,65.43000030517578,55.62016677856445,1234800
2015-01-09,65.66999816894531,65.87000274658203,65.0999984741211,65.11000061035156,55.34814453125,908500
2015-01-12,65.11000061035156,65.25,62.81999969482422,64.3499984741211,54.70210266113281,5705400
2015-01-13,65.01000213623047,65.68000030517578,63.79999923706055,64.11000061035156,54.49807357788086,3212900
2015-01-14,63.709999084472656,64.06999969482422,63.16999816894531,63.7599983215332,54.2005615234375,1554500
2015-01-15,63.97999954223633,64.33999633789062,63.349998474121094,63.40999984741211,53.90303039550781,1471100
2015-01-16,63.15999984741211,64.08000183105469,63.08000183105469,64.05000305175781,54.44707489013672,1668100
2015-01-20,64.41999816894531,64.63999938964844,63.65999984741211,64.0199966430664,54.42155838012695,1635400
2015-01-21,63.7599983215332,64.41999816894531,63.58000183105469,64.30999755859375,54.6680793762207,1171600
2015-01-22,64.55999755859375,65.55999755859375,64.19000244140625,65.36000061035156,55.56067657470703,970400
2015-01-23,65.4000015258789,66.08999633789062,65.4000015258789,65.4800033569336,55.66267395019531,771200
2015-01-26,65.31999969482422,65.94000244140625,65.12999725341797,65.70999908447266,55.858184814453125,815900
2015-01-27,65.01000213623047,65.37999725341797,64.48999786376953,64.94000244140625,55.203643798828125,974600
2015-01-28,65.45999908447266,65.58000183105469,63.83000183105469,63.84000015258789,54.268558502197266,1003500
2015-01-29,63.75,63.9900016784668,62.939998626708984,63.83000183105469,54.26005935668945,1459600
2015-01-30,63.529998779296875,63.68000030517578,62.31999969482422,62.40999984741211,53.05295944213867,2298600
2015-02-02,62.7400016784668,62.810001373291016,61.88999938964844,62.810001373291016,53.39299392700195,2801000
2015-02-03,63.13999938964844,64.06999969482422,63.13999938964844,64.01000213623047,54.41307830810547,2474600
2015-02-04,64.1500015258789,65.69000244140625,62.90999984741211,63.939998626708984,54.35355758666992,3794200
2015-02-05,63.849998474121094,64.0999984741211,63.15999984741211,64.0,54.40457534790039,2375800
2015-02-06,64.01000213623047,65.08999633789062,63.869998931884766,64.66000366210938,54.96561050415039,1587100
2015-02-09,70.11000061035156,70.26000213623047,67.01000213623047,67.77999877929688,57.61783981323242,7313900
2015-02-10,67.62000274658203,68.37999725341797,67.22000122070312,68.22000122070312,57.99186706542969,2444300
2015-02-11,68.18000030517578,68.77999877929688,68.18000030517578,68.56999969482422,58.28939437866211,1592100
2015-02-12,68.87000274658203,70.0199966430664,68.87000274658203,70.0,59.505001068115234,2193800
2015-02-13,69.98999786376953,70.05999755859375,69.55999755859375,69.91000366210938,59.428489685058594,2294000
2015-02-17,69.66999816894531,70.1500015258789,69.30000305175781,69.79000091552734,59.32648849487305,1880400
2015-02-18,69.63999938964844,69.77999877929688,69.01000213623047,69.12000274658203,58.75694274902344,1587600
2015-02-19,69.37999725341797,69.66000366210938,68.94999694824219,69.02999877929688,58.68043518066406,1893800
2015-02-20,68.94000244140625,69.87000274658203,68.79000091552734,69.83000183105469,59.36049270629883,2353900
2015-02-23,69.8499984741211,69.8499984741211,68.4800033569336,68.62999725341797,58.34038162231445,1415400
2015-02-24,68.54000091552734,68.80000305175781,68.20999908447266,68.52999877929688,58.255409240722656,1138300
2015-02-25,68.4800033569336,68.4800033569336,67.93000030517578,68.0199966430664,57.821861267089844,1416100
2015-02-26,68.11000061035156,68.56999969482422,67.75,68.47000122070312,58.204383850097656,1554700
2015-02-27,68.29000091552734,68.5,67.61000061035156,67.94000244140625,57.75385284423828,5007200
2015-03-02,68.0,69.16000366210938,68.0,68.88999938964844,58.5614013671875,1490900
2015-03-03,68.66000366210938,69.0,68.0999984741211,68.13999938964844,57.923866271972656,1197500
2015-03-04,67.79000091552734,67.91000366210938,66.97000122070312,67.63999938964844,57.49882888793945,1351400
2015-03-05,67.91000366210938,68.13999938964844,67.72000122070312,67.93000030517578,57.74535369873047,1053200
2015-03-06,67.56999969482422,67.80000305175781,66.6500015258789,66.81999969482422,56.80177307128906,1313400
2015-03-09,66.81999969482422,67.05999755859375,66.44999694824219,66.56999969482422,56.5892333984375,1295800
2015-03-10,66.23999786376953,66.3499984741211,65.0199966430664,65.33000183105469,55.53516387939453,1971400
2015-03-11,65.33000183105469,65.80000305175781,65.20999908447266,65.30999755859375,55.8086051940918,1330300
2015-03-12,64.72000122070312,65.33999633789062,64.66999816894531,64.95999908447266,55.509521484375,1657400
2015-03-13,65.01000213623047,65.37999725341797,64.18000030517578,64.80000305175781,55.3727912902832,1557700
2015-03-16,64.95999908447266,66.0,64.88999938964844,65.86000061035156,56.278594970703125,1032900
2015-03-17,65.44999694824219,65.5199966430664,64.9000015258789,65.31999969482422,55.817161560058594,1226700
2015-03-18,65.08000183105469,67.06999969482422,65.06999969482422,66.6500015258789,56.95366287231445,1437500
2015-03-19,66.44999694824219,67.01000213623047,66.05000305175781,66.33999633789062,56.68876266479492,1383500
2015-03-20,66.54000091552734,67.29000091552734,66.44999694824219,66.83000183105469,57.107486724853516,2748700
2015-03-23,66.76000213623047,67.0,66.5199966430664,66.5199966430664,56.84256362915039,904800
2015-03-24,66.61000061035156,66.87999725341797,66.22000122070312,66.2300033569336,56.59477233886719,843500
2015-03-25,66.20999908447266,66.22000122070312,65.25,65.3499984741211,55.8427734375,1219000
2015-03-26,64.93000030517578,65.55999755859375,64.52999877929688,65.41999816894531,55.9025993347168,957100
2015-03-27,65.38999938964844,65.62999725341797,64.58000183105469,65.37999725341797,55.868431091308594,1213000
2015-03-30,65.8499984741211,66.45999908447266,65.72000122070312,66.38999938964844,56.73148727416992,969000
2015-03-31,66.25,66.9000015258789,66.13999938964844,66.66999816894531,56.97074508666992,1722900
2015-04-01,66.66000366210938,66.75,66.06999969482422,66.66999816894531,56.97074508666992,1109400
2015-04-02,66.66999816894531,67.45999908447266,61.150001525878906,62.5099983215332,53.415958404541016,8069900
2015-04-06,62.09000015258789,62.2400016784668,61.459999084472656,61.47999954223633,52.53580856323242,3462600
2015-04-07,61.47999954223633,62.38999938964844,61.279998779296875,61.9900016784668,52.97160339355469,1358000
2015-04-08,61.900001525878906,62.459999084472656,61.5,62.41999816894531,53.33903121948242,1488300
2015-04-09,62.27000045776367,62.439998626708984,61.79999923706055,62.31999969482422,53.25360870361328,923900
2015-04-10,62.25,62.59000015258789,62.11000061035156,62.529998779296875,53.43304443359375,900400
2015-04-13,62.529998779296875,62.9900016784668,61.900001525878906,61.970001220703125,52.95452880859375,1257000
2015-04-14,62.0099983215332,62.13999938964844,61.650001525878906,61.90999984741211,52.90324783325195,1286100
2015-04-15,61.959999084472656,62.33000183105469,61.7599983215332,61.81999969482422,52.82633590698242,1273300
2015-04-16,61.709999084472656,62.130001068115234,61.709999084472656,61.86000061035156,52.86052703857422,1936400
2015-04-17,61.5099983215332,61.61000061035156,60.470001220703125,60.68000030517578,51.8521842956543,2097700
2015-04-20,61.02000045776367,61.459999084472656,61.0099983215332,61.15999984741211,52.26236343383789,1424600
2015-04-21,61.34000015258789,61.709999084472656,61.2599983215332,61.43000030517578,52.49306869506836,1273200
2015-04-22,61.61000061035156,61.810001373291016,61.40999984741211,61.59000015258789,52.62980270385742,993900
2015-04-23,61.18000030517578,61.459999084472656,60.84000015258789,60.84000015258789,51.98891067504883,1380600
2015-04-24,61.11000061035156,61.11000061035156,60.18000030517578,60.56999969482422,51.7581901550293,1823400
2015-04-27,60.849998474121094,61.15999984741211,60.470001220703125,60.97999954223633,52.108543395996094,1456300
2015-04-28,60.970001220703125,61.13999938964844,60.380001068115234,60.689998626708984,51.8607177734375,993200
2015-04-29,60.5,60.689998626708984,59.720001220703125,59.7400016784668,51.04894256591797,1366800
2015-04-30,59.45000076293945,59.84000015258789,59.31999969482422,59.75,51.0574836730957,1890000
2015-05-01,60.119998931884766,60.369998931884766,60.040000915527344,60.279998779296875,51.510379791259766,1526400
2015-05-04,60.369998931884766,60.77000045776367,60.34000015258789,60.68000030517578,51.8521842956543,993700
2015-05-05,59.619998931884766,60.150001525878906,58.20000076293945,58.59000015258789,50.066246032714844,2343800
2015-05-06,60.34000015258789,60.4900016784668,58.20000076293945,58.75,50.20296096801758,2316200
2015-05-07,59.290000915527344,60.400001525878906,59.119998931884766,60.0099983215332,51.279659271240234,1862800
2015-05-08,60.560001373291016,61.0,60.40999984741211,60.59000015258789,51.7752799987793,1040200
2015-05-11,60.470001220703125,60.619998931884766,59.7599983215332,59.79999923706055,51.100215911865234,1216100
2015-05-12,59.43000030517578,59.689998626708984,59.099998474121094,59.41999816894531,50.77549362182617,769100
2015-05-13,59.45000076293945,59.720001220703125,59.220001220703125,59.25,50.63022994995117,825400
2015-05-14,59.619998931884766,59.900001525878906,59.41999816894531,59.790000915527344,51.0916748046875,906800
2015-05-15,59.790000915527344,59.93000030517578,59.2400016784668,59.29999923706055,50.67295455932617,1300000
2015-05-18,59.220001220703125,60.16999816894531,59.220001220703125,60.119998931884766,51.3736457824707,1630000
2015-05-19,60.349998474121094,60.349998474121094,59.72999954223633,59.79999923706055,51.100215911865234,760500
2015-05-20,59.900001525878906,60.029998779296875,59.61000061035156,59.79999923706055,51.100215911865234,563600
2015-05-21,59.650001525878906,59.939998626708984,59.59000015258789,59.790000915527344,51.0916748046875,650100
2015-05-22,59.4900016784668,59.7400016784668,59.279998779296875,59.65999984741211,50.980567932128906,1049900
2015-05-26,59.400001525878906,59.400001525878906,58.709999084472656,59.11000061035156,50.510597229003906,1095400
2015-05-27,59.349998474121094,59.349998474121094,58.70000076293945,59.060001373291016,50.46787643432617,1571100
2015-05-28,58.959999084472656,59.869998931884766,58.849998474121094,59.630001068115234,50.95494842529297,854600
2015-05-29,59.56999969482422,59.72999954223633,59.0,59.0,50.41659927368164,1769300
2015-06-01,59.09000015258789,59.9900016784668,58.86000061035156,59.650001525878906,50.97203826904297,1196000
2015-06-02,59.41999816894531,59.7400016784668,58.95000076293945,59.189998626708984,50.578956604003906,1159000
2015-06-03,59.439998626708984,59.63999938964844,59.119998931884766,59.47999954223633,50.82675552368164,815600
2015-06-04,59.2400016784668,59.58000183105469,58.7400016784668,58.79999923706055,50.245689392089844,677500
2015-06-05,58.869998931884766,58.869998931884766,58.38999938964844,58.61000061035156,50.08332824707031,533400
2015-06-08,58.540000915527344,58.54999923706055,57.88999938964844,58.08000183105469,49.630435943603516,887900
2015-06-09,58.16999816894531,58.290000915527344,57.7599983215332,57.900001525878906,49.476619720458984,852600
2015-06-10,58.060001373291016,58.70000076293945,57.880001068115234,58.4900016784668,49.980804443359375,830700
2015-06-11,58.459999084472656,58.7400016784668,58.22999954223633,58.54999923706055,50.324588775634766,896500
2015-06-12,58.130001068115234,58.189998626708984,57.369998931884766,57.650001525878906,49.55103302001953,1131400
2015-06-15,57.15999984741211,58.060001373291016,56.83000183105469,57.95000076293945,49.80889129638672,1186800
2015-06-16,57.970001220703125,58.349998474121094,57.720001220703125,58.18000030517578,50.00657653808594,947800
2015-06-17,58.369998931884766,58.5,57.4900016784668,57.970001220703125,49.826072692871094,1060100
2015-06-18,58.0,58.59000015258789,57.97999954223633,58.38999938964844,50.187068939208984,1212500
2015-06-19,58.220001220703125,58.34000015258789,57.779998779296875,58.04999923706055,49.89483642578125,2303000
2015-06-22,58.2400016784668,59.279998779296875,58.04999923706055,59.220001220703125,50.90047073364258,1238700
2015-06-23,59.5099983215332,59.72999954223633,58.900001525878906,59.119998931884766,50.81452941894531,1085900
2015-06-24,58.93000030517578,59.060001373291016,58.279998779296875,58.290000915527344,50.10112380981445,741600
2015-06-25,58.5,58.560001373291016,58.04999923706055,58.349998474121094,50.15269088745117,845600
2015-06-26,58.290000915527344,58.459999084472656,57.939998626708984,58.380001068115234,50.17848205566406,4395100
2015-06-29,57.709999084472656,58.09000015258789,57.040000915527344,57.13999938964844,49.112674713134766,1067600
2015-06-30,57.810001373291016,57.810001373291016,57.099998474121094,57.34000015258789,49.28458786010742,1520900
2015-07-01,57.869998931884766,57.869998931884766,57.220001220703125,57.599998474121094,49.50804901123047,827800
2015-07-02,57.72999954223633,57.72999954223633,57.400001525878906,57.5099983215332,49.430702209472656,765200
2015-07-06,56.88999938964844,57.279998779296875,56.779998779296875,57.220001220703125,49.18143081665039,892700
2015-07-07,57.130001068115234,57.63999938964844,56.400001525878906,57.4900016784668,49.41351318359375,1375900
2015-07-08,57.369998931884766,57.58000183105469,56.7400016784668,56.790000915527344,48.81185531616211,1455900
2015-07-09,57.439998626708984,57.529998779296875,56.900001525878906,56.939998626708984,48.940773010253906,1262900
2015-07-10,57.470001220703125,57.65999984741211,57.06999969482422,57.47999954223633,49.40491485595703,914000
2015-07-13,57.900001525878906,58.459999084472656,57.790000915527344,58.43000030517578,50.2214469909668,692300
2015-07-14,58.4900016784668,58.81999969482422,58.38999938964844,58.599998474121094,50.3675651550293,809200
2015-07-15,58.5099983215332,58.97999954223633,58.41999816894531,58.88999938964844,50.6168212890625,1133700
2015-07-16,59.130001068115234,59.34000015258789,59.02000045776367,59.290000915527344,50.96064376831055,846800
2015-07-17,59.310001373291016,59.47999954223633,58.59000015258789,58.849998474121094,50.58244705200195,735500
2015-07-20,59.5,59.58000183105469,59.0,59.400001525878906,51.055198669433594,1142600
2015-07-21,59.310001373291016,59.58000183105469,59.09000015258789,59.56999969482422,51.20130157470703,1378300
2015-07-22,59.279998779296875,59.709999084472656,59.209999084472656,59.349998474121094,51.01219177246094,970800
2015-07-23,59.470001220703125,59.5,58.72999954223633,58.849998474121094,50.58244705200195,818100
2015-07-24,58.79999923706055,59.79999923706055,58.70000076293945,59.5,51.141136169433594,1315300
2015-07-27,59.33000183105469,59.33000183105469,58.61000061035156,58.709999084472656,50.46211242675781,880200
2015-07-28,58.880001068115234,59.130001068115234,58.34000015258789,59.11000061035156,50.805931091308594,734800
2015-07-29,59.150001525878906,59.72999954223633,58.86000061035156,59.58000183105469,51.20990753173828,680500
2015-07-30,59.5,59.900001525878906,59.34000015258789,59.86000061035156,51.4505729675293,488200
2015-07-31,59.95000076293945,60.36000061035156,59.7599983215332,60.15999984741211,51.708412170410156,894900
2015-08-03,60.08000183105469,60.08000183105469,59.16999816894531,59.7599983215332,51.3646125793457,948500
2015-08-04,59.689998626708984,60.45000076293945,59.58000183105469,60.220001220703125,51.75999069213867,1457100
2015-08-05,63.41999816894531,65.0,63.20000076293945,64.04000091552734,55.043331146240234,4174500
2015-08-06,63.90999984741211,64.0,62.810001373291016,63.79999923706055,54.83705139160156,2489300
2015-08-07,63.650001525878906,64.19000244140625,62.95000076293945,64.19000244140625,55.17226791381836,2231200
2015-08-10,64.47000122070312,64.5,63.5,63.9900016784668,55.000362396240234,1527200
2015-08-11,63.689998626708984,63.790000915527344,63.150001525878906,63.349998474121094,54.45027160644531,1228800
2015-08-12,63.099998474121094,64.7699966430664,62.79999923706055,64.5999984741211,55.5246467590332,1810100
2015-08-13,64.5199966430664,64.87000274658203,64.12000274658203,64.33999633789062,55.301177978515625,1058400
2015-08-14,64.25,65.0999984741211,64.13999938964844,64.9800033569336,55.85128402709961,698400
2015-08-17,64.68000030517578,65.27999877929688,64.30000305175781,65.2699966430664,56.100528717041016,782300
2015-08-18,65.11000061035156,67.16999816894531,65.06999969482422,65.7699966430664,56.5302848815918,2132300
2015-08-19,65.52999877929688,65.93000030517578,65.29000091552734,65.3499984741211,56.16929626464844,1280500
2015-08-20,65.05000305175781,65.08999633789062,63.88999938964844,63.88999938964844,54.91440963745117,1615000
2015-08-21,63.529998779296875,64.13999938964844,62.439998626708984,62.45000076293945,53.67670822143555,2238500
2015-08-24,60.27000045776367,60.90999984741211,59.52000045776367,60.790000915527344,52.249916076660156,3061800
2015-08-25,62.119998931884766,62.16999816894531,60.41999816894531,60.439998626708984,51.94907760620117,2189100
2015-08-26,61.5099983215332,63.2400016784668,60.70000076293945,63.13999938964844,54.26976776123047,3538500
2015-08-27,63.47999954223633,64.55999755859375,63.279998779296875,64.29000091552734,55.258209228515625,2227900
2015-08-28,64.29000091552734,65.19000244140625,64.19000244140625,64.55000305175781,55.481685638427734,2683900
2015-08-31,64.38999938964844,64.88999938964844,64.11000061035156,64.81999969482422,55.7137451171875,2499900
2015-09-01,63.599998474121094,64.4800033569336,63.5,63.849998474121094,54.880027770996094,4293500
2015-09-02,64.51000213623047,64.75,64.08000183105469,64.72000122070312,55.6277961730957,6513500
2015-09-03,65.0,65.47000122070312,64.61000061035156,65.11000061035156,55.963016510009766,6171000
2015-09-04,66.01000213623047,66.36000061035156,65.05999755859375,66.30999755859375,56.994422912597656,11244800
2015-09-08,66.72000122070312,69.70999908447266,66.41000366210938,69.61000061035156,59.83084487915039,4535300
2015-09-09,70.0,70.26000213623047,68.30000305175781,68.30000305175781,58.70487594604492,4486100
2015-09-10,68.2699966430664,69.62999725341797,68.01000213623047,69.08999633789062,59.38388442993164,3367300
2015-09-11,67.76000213623047,67.93000030517578,66.88999938964844,67.08000183105469,57.9413948059082,4585700
2015-09-14,67.0999984741211,67.37999725341797,66.58999633789062,66.83999633789062,57.734092712402344,2565300
2015-09-15,66.77999877929688,67.69999694824219,66.76000213623047,67.1500015258789,58.00187301635742,3519800
2015-09-16,67.08999633789062,67.7300033569336,67.05000305175781,67.47000122070312,58.27827072143555,1798400
2015-09-17,67.47000122070312,67.76000213623047,66.80000305175781,67.02999877929688,57.898197174072266,2245400
2015-09-18,66.38999938964844,67.69999694824219,66.18000030517578,67.08999633789062,57.950035095214844,2992300
2015-09-21,67.2699966430664,67.94000244140625,66.88999938964844,67.05000305175781,57.915496826171875,1399300
2015-09-22,66.27999877929688,66.66000366210938,66.0,66.58000183105469,57.50951385498047,1300500
2015-09-23,66.83000183105469,68.05999755859375,66.80999755859375,67.80000305175781,58.563316345214844,1546000
2015-09-24,67.31999969482422,68.01000213623047,66.94000244140625,67.91000366210938,58.6583251953125,2083200
2015-09-25,68.37999725341797,69.38999938964844,68.0199966430664,69.19999694824219,59.77257537841797,2246200
2015-09-28,68.66999816894531,68.98999786376953,67.86000061035156,67.93000030517578,58.675601959228516,2728700
2015-09-29,67.8499984741211,68.05000305175781,67.08000183105469,67.44999694824219,58.260982513427734,2165100
2015-09-30,68.19999694824219,68.97000122070312,68.02999877929688,68.37999725341797,59.064292907714844,4517900
2015-10-01,68.3499984741211,68.5999984741211,67.29000091552734,67.76000213623047,58.52875900268555,2099500
2015-10-02,67.0199966430664,68.41000366210938,66.7300033569336,68.4000015258789,59.081573486328125,1495600
2015-10-05,68.5199966430664,69.81999969482422,68.5,69.75,60.24765396118164,2004900
2015-10-06,69.44000244140625,69.7699966430664,68.83999633789062,69.19000244140625,59.763946533203125,1006300
2015-10-07,69.45999908447266,69.87999725341797,69.05999755859375,69.79000091552734,60.28219985961914,1369400
2015-10-08,69.7300033569336,69.91000366210938,69.0,69.5,60.03171920776367,1375300
2015-10-09,69.4000015258789,69.73999786376953,68.61000061035156,68.77999877929688,59.409786224365234,1619600
2015-10-12,68.75,69.6500015258789,68.0999984741211,69.43000030517578,59.971248626708984,1093300
2015-10-13,69.16000366210938,69.61000061035156,68.91999816894531,69.04000091552734,59.634376525878906,869800
2015-10-14,68.93000030517578,69.19999694824219,68.61000061035156,68.69999694824219,59.3406982421875,802600
2015-10-15,69.0,69.44000244140625,68.94000244140625,69.2699966430664,59.83302307128906,1252100
2015-10-16,69.45999908447266,69.69000244140625,69.0999984741211,69.26000213623047,59.82440185546875,1125000
2015-10-19,68.9800033569336,69.29000091552734,68.76000213623047,69.02999877929688,59.62572479248047,682200
2015-10-20,69.0,69.83000183105469,68.94000244140625,69.4800033569336,60.014461517333984,1752600
2015-10-21,69.58000183105469,69.8499984741211,69.05999755859375,69.47000122070312,60.00580978393555,1432600
2015-10-22,69.20999908447266,70.9800033569336,69.16000366210938,70.4800033569336,60.878204345703125,1552800
2015-10-23,70.70999908447266,70.7699966430664,70.0,70.4800033569336,60.878204345703125,1203500
2015-10-26,70.4800033569336,70.55999755859375,69.83999633789062,70.05000305175781,60.50679397583008,1309400
2015-10-27,69.6500015258789,70.18000030517578,69.47000122070312,69.95999908447266,60.42902755737305,993500
2015-10-28,70.19999694824219,70.83000183105469,69.79000091552734,70.37000274658203,60.78318405151367,1023700
2015-10-29,70.16999816894531,70.62000274658203,70.0,70.12999725341797,60.57588195800781,1095900
2015-10-30,70.16999816894531,70.54000091552734,69.80000305175781,69.97000122070312,60.43768310546875,1614200
2015-11-02,70.05000305175781,70.81999969482422,69.56999969482422,70.7300033569336,61.094146728515625,1411900
2015-11-03,70.62999725341797,71.56999969482422,70.31999969482422,71.36000061035156,61.63831329345703,1337200
2015-11-04,68.0999984741211,69.2300033569336,63.95000076293945,65.23999786376953,56.35205078125,7152700
2015-11-05,64.9000015258789,67.72000122070312,64.9000015258789,67.4000015258789,58.21778869628906,3080900
2015-11-06,67.52999877929688,68.05000305175781,67.04000091552734,68.01000213623047,58.74470138549805,1209200
2015-11-09,67.91999816894531,68.31999969482422,67.18000030517578,68.19999694824219,58.908809661865234,1734600
2015-11-10,68.08999633789062,68.55000305175781,67.77999877929688,68.33999633789062,59.02975082397461,1481900
2015-11-11,68.55999755859375,70.48999786376953,68.3499984741211,70.0199966430664,60.48085403442383,1312800
2015-11-12,69.73999786376953,69.9800033569336,69.30999755859375,69.44000244140625,59.97988510131836,978500
2015-11-13,69.06999969482422,69.56999969482422,68.37000274658203,69.02999877929688,59.62572479248047,1896100
2015-11-16,68.91999816894531,70.11000061035156,68.6500015258789,70.0199966430664,60.48085403442383,832200
2015-11-17,70.13999938964844,71.19000244140625,69.83999633789062,71.05000305175781,61.37053298950195,1073400
2015-11-18,71.12000274658203,72.0,70.9800033569336,71.9800033569336,62.17385482788086,1255300
2015-11-19,72.0,72.97000122070312,71.66999816894531,72.44999694824219,62.57980728149414,1389100
2015-11-20,72.76000213623047,72.80999755859375,72.18000030517578,72.19000244140625,62.3552360534668,1380400
2015-11-23,72.23999786376953,72.5199966430664,71.81999969482422,72.23999786376953,62.39841842651367,988300
2015-11-24,71.55999755859375,72.44999694824219,71.5,71.95999908447266,62.15659713745117,1038600
2015-11-25,72.16000366210938,72.16000366210938,71.6500015258789,71.83000183105469,62.04428482055664,882000
2015-11-27,71.9800033569336,72.1500015258789,70.9800033569336,72.0199966430664,62.2083854675293,343900
2015-11-30,72.22000122070312,72.22000122070312,71.5999984741211,71.77999877929688,62.0011100769043,1543100
2015-12-01,72.0999984741211,72.31999969482422,71.66999816894531,72.05000305175781,62.23433303833008,1251500
2015-12-02,72.2699966430664,72.44000244140625,71.80000305175781,71.88999938964844,62.09611129760742,760400
2015-12-03,72.12999725341797,72.22000122070312,70.86000061035156,71.08000183105469,61.39645004272461,816600
2015-12-04,71.30000305175781,72.38999938964844,71.30000305175781,72.11000061035156,62.28614807128906,1596500
2015-12-07,71.7300033569336,71.9800033569336,70.27999877929688,70.37999725341797,60.79182434082031,1635100
2015-12-08,69.77999877929688,70.30000305175781,69.26000213623047,69.75,60.24765396118164,1115300
2015-12-09,69.44000244140625,69.80999755859375,68.7300033569336,69.30999755859375,59.86757278442383,1077500
2015-12-10,69.16000366210938,70.08000183105469,69.08999633789062,69.37000274658203,59.9194221496582,1099700
2015-12-11,68.55000305175781,68.80999755859375,67.8499984741211,68.61000061035156,59.61530685424805,1313600
2015-12-14,68.51000213623047,69.02999877929688,67.88999938964844,68.13999938964844,59.206932067871094,1113400
2015-12-15,68.58999633789062,69.79000091552734,68.43000030517578,69.12999725341797,60.0671272277832,831500
2015-12-16,69.5199966430664,69.88999938964844,68.98999786376953,69.5199966430664,60.40598678588867,947600
2015-12-17,69.80000305175781,70.48999786376953,68.55999755859375,68.55999755859375,59.57182693481445,1079100
2015-12-18,68.26000213623047,68.55000305175781,67.55000305175781,67.58000183105469,58.7203483581543,2089800
2015-12-21,67.76000213623047,68.13999938964844,67.62000274658203,68.02999877929688,59.111328125,592300
2015-12-22,68.3499984741211,69.16000366210938,67.9000015258789,68.87000274658203,59.84121322631836,914900
2015-12-23,69.29000091552734,69.41999816894531,68.87000274658203,69.20999908447266,60.136634826660156,373100
2015-12-24,69.23999786376953,69.38999938964844,68.87000274658203,69.05999755859375,60.00630187988281,249500
2015-12-28,68.86000061035156,69.31999969482422,68.68000030517578,69.18000030517578,60.1105842590332,335100
2015-12-29,69.51000213623047,69.77999877929688,69.44000244140625,69.63999938964844,60.51026916503906,416700
2015-12-30,69.55999755859375,69.88999938964844,69.19999694824219,69.30000305175781,60.2148323059082,426400
2015-12-31,69.0,69.23999786376953,68.44999694824219,68.44999694824219,59.47627639770508,327100
2016-01-04,67.66999816894531,67.66999816894531,66.62000274658203,67.12999725341797,58.32932662963867,910800
2016-01-05,66.5,67.11000061035156,65.81999969482422,66.38999938964844,57.68632125854492,1242100
2016-01-06,65.56999969482422,66.58000183105469,65.25,65.43000030517578,56.852195739746094,956400
2016-01-07,64.62999725341797,65.29000091552734,63.540000915527344,64.11000061035156,55.705238342285156,1197200
2016-01-08,64.33000183105469,64.94999694824219,64.0,64.25,55.8268928527832,1288500
2016-01-11,64.66000366210938,64.97000122070312,63.86000061035156,64.37000274658203,55.93117141723633,884500
2016-01-12,64.93000030517578,65.05000305175781,63.849998474121094,64.91000366210938,56.40037536621094,1125100
2016-01-13,65.06999969482422,65.1500015258789,63.20000076293945,63.369998931884766,55.062259674072266,877900
2016-01-14,63.65999984741211,63.90999984741211,62.97999954223633,63.11000061035156,54.83635711669922,1204600
2016-01-15,61.79999923706055,62.279998779296875,61.209999084472656,61.59000015258789,53.5156135559082,1290900
2016-01-19,62.29999923706055,62.36000061035156,60.65999984741211,61.130001068115234,53.11593246459961,1444700
2016-01-20,60.380001068115234,60.7599983215332,59.130001068115234,60.36000061035156,52.446861267089844,1247600
2016-01-21,60.400001525878906,61.27000045776367,60.029998779296875,60.81999969482422,52.84656524658203,839000
2016-01-22,61.560001373291016,62.119998931884766,61.40999984741211,62.040000915527344,53.9066162109375,741200
2016-01-25,61.93000030517578,62.869998931884766,61.59000015258789,62.41999816894531,54.2368049621582,881500
2016-01-26,62.5099983215332,63.43000030517578,62.400001525878906,63.15999984741211,54.879791259765625,762400
2016-01-27,63.88999938964844,65.98999786376953,63.470001220703125,64.80000305175781,56.30479431152344,1642400
2016-01-28,64.95999908447266,65.44999694824219,64.37999725341797,64.73999786376953,56.25265121459961,1126400
2016-01-29,65.05000305175781,66.79000091552734,64.7300033569336,66.7699966430664,58.016517639160156,1224600
2016-02-01,66.58000183105469,67.19999694824219,66.22000122070312,66.8499984741211,58.08604049682617,1108300
2016-02-02,66.08999633789062,66.43000030517578,64.01000213623047,64.31999969482422,55.88772201538086,2121200
2016-02-03,64.6500015258789,65.5999984741211,63.849998474121094,64.87999725341797,56.37430191040039,761300
2016-02-04,64.69999694824219,64.91000366210938,63.810001373291016,64.25,55.8268928527832,930300
2016-02-05,63.9900016784668,64.26000213623047,62.52000045776367,62.81999969482422,54.58437728881836,1082900
2016-02-08,62.220001220703125,62.47999954223633,61.25,62.09000015258789,53.95006561279297,1105500
2016-02-09,61.4900016784668,63.400001525878906,61.47999954223633,62.2400016784668,54.080406188964844,1223600
2016-02-10,62.720001220703125,63.16999816894531,60.900001525878906,60.970001220703125,52.976905822753906,1081100
2016-02-11,60.189998626708984,60.83000183105469,59.779998779296875,60.52000045776367,52.585899353027344,832800
2016-02-12,61.0,61.959999084472656,60.68000030517578,61.779998779296875,53.680721282958984,567600
2016-02-16,62.470001220703125,63.459999084472656,62.36000061035156,63.41999816894531,55.10570526123047,771200
2016-02-17,63.93000030517578,65.19000244140625,63.7400016784668,65.05000305175781,56.52200698852539,935500
2016-02-18,65.16999816894531,65.41000366210938,64.66999816894531,64.77999877929688,56.28741455078125,948900
2016-02-19,64.77999877929688,66.05999755859375,64.33000183105469,66.0,57.347469329833984,1513600
2016-02-22,66.45999908447266,67.12999725341797,66.22000122070312,66.75,57.999149322509766,1833400
2016-02-23,70.04000091552734,72.70999908447266,69.30999755859375,70.77999877929688,61.500823974609375,4942200
2016-02-24,70.88999938964844,73.0,70.75,72.83999633789062,63.2907600402832,3605900
2016-02-25,72.98999786376953,74.18000030517578,72.66999816894531,74.05999755859375,64.35082244873047,2073300
2016-02-26,74.30000305175781,75.80999755859375,74.05999755859375,74.86000061035156,65.04595184326172,2096500
2016-02-29,75.0,75.2699966430664,72.94999694824219,73.48999786376953,63.85553741455078,4345100
2016-03-01,70.94000244140625,71.68000030517578,69.30999755859375,71.19000244140625,61.857078552246094,7223300
2016-03-02,71.19999694824219,71.33999633789062,70.38999938964844,71.27999877929688,61.935264587402344,2762700
2016-03-03,71.19999694824219,71.58000183105469,70.75,71.25,61.90919494628906,4281000
2016-03-04,71.66000366210938,71.75,70.77999877929688,70.94999694824219,61.64853286743164,2543500
2016-03-07,70.66999816894531,71.19000244140625,70.47000122070312,71.01000213623047,61.70066452026367,2181900
2016-03-08,70.70999908447266,71.44999694824219,70.63999938964844,71.0999984741211,61.77888870239258,1652100
2016-03-09,71.33999633789062,71.83000183105469,71.16999816894531,71.4800033569336,62.10905838012695,1636300
2016-03-10,71.83000183105469,72.62999725341797,70.68000030517578,71.22000122070312,61.88314437866211,2886000
2016-03-11,71.45999908447266,71.75,70.9000015258789,71.19999694824219,62.22394943237305,2452900
2016-03-14,71.0,72.0,70.58999633789062,71.83000183105469,62.774539947509766,2548400
2016-03-15,71.51000213623047,72.63999938964844,71.51000213623047,71.97000122070312,62.896915435791016,2318700
2016-03-16,71.95999908447266,72.41000366210938,71.33999633789062,72.23999786376953,63.13285827636719,1914400
2016-03-17,72.52999877929688,73.7699966430664,72.25,72.83000183105469,63.648468017578125,2172700
2016-03-18,72.98999786376953,73.02999877929688,72.51000213623047,72.58999633789062,63.43873596191406,1456500
2016-03-21,72.41000366210938,73.30999755859375,71.95999908447266,73.12000274658203,63.90192413330078,2387200
2016-03-22,73.0199966430664,74.04000091552734,72.72000122070312,73.70999908447266,64.41752624511719,2463700
2016-03-23,73.70999908447266,73.70999908447266,72.8499984741211,73.1500015258789,63.92814254760742,1358200
2016-03-24,73.04000091552734,73.04000091552734,72.4000015258789,72.58999633789062,63.43873596191406,1135100
2016-03-28,72.75,73.91000366210938,72.75,73.37000274658203,64.12040710449219,1374100
2016-03-29,73.5,74.38999938964844,73.26000213623047,74.08999633789062,64.7496337890625,783600
2016-03-30,74.5,75.37999725341797,74.29000091552734,74.88999938964844,65.44878387451172,1490200
2016-03-31,74.77999877929688,75.83000183105469,74.77999877929688,75.69999694824219,66.15666961669922,1480500
2016-04-01,75.30000305175781,76.58999633789062,75.0199966430664,76.11000061035156,66.5149917602539,2105200
2016-04-04,75.4000015258789,76.83000183105469,75.12999725341797,76.31999969482422,66.69850158691406,1951400
2016-04-05,75.97000122070312,76.22000122070312,75.08999633789062,75.70999908447266,66.1654052734375,1647500
2016-04-06,75.93000030517578,76.1500015258789,75.16999816894531,76.08999633789062,66.49748229980469,1422600
2016-04-07,75.7699966430664,75.91999816894531,74.86000061035156,74.98999786376953,65.53616333007812,1045200
2016-04-08,75.5199966430664,75.5999984741211,75.06999969482422,75.23999786376953,65.75464630126953,867300
2016-04-11,75.37000274658203,75.58000183105469,74.76000213623047,74.87999725341797,65.4400405883789,1122300
2016-04-12,75.0199966430664,75.13999938964844,74.5999984741211,75.04000091552734,65.57986450195312,924400
2016-04-13,75.54000091552734,75.58000183105469,75.01000213623047,75.37000274658203,65.86827850341797,1208600
2016-04-14,75.44999694824219,75.66999816894531,74.9000015258789,75.30999755859375,65.81583404541016,791100
2016-04-15,75.18000030517578,75.7699966430664,74.87999725341797,75.63999938964844,66.104248046875,1136400
2016-04-18,75.36000061035156,75.69999694824219,75.0,75.69000244140625,66.14793395996094,798700
2016-04-19,75.98999786376953,76.0,75.52999877929688,75.97000122070312,66.39262390136719,691900
2016-04-20,75.9000015258789,75.9000015258789,74.91000366210938,75.55000305175781,66.02556610107422,993600
2016-04-21,75.4000015258789,75.55000305175781,74.8499984741211,74.98999786376953,65.53616333007812,656200
2016-04-22,74.62999725341797,75.93000030517578,74.62999725341797,75.55999755859375,66.03430938720703,634800
2016-04-25,75.2300033569336,75.75,75.2300033569336,75.51000213623047,65.9906234741211,599400
2016-04-26,75.5,76.12000274658203,75.1500015258789,75.9000015258789,66.33146667480469,755100
2016-04-27,75.55000305175781,76.4800033569336,75.23999786376953,76.04000091552734,66.45378112792969,1313300
2016-04-28,75.69999694824219,76.1500015258789,75.16999816894531,75.33999633789062,65.8420639038086,674000
2016-04-29,75.06999969482422,75.30000305175781,74.22000122070312,75.19000244140625,65.71095275878906,986800
2016-05-02,75.47000122070312,76.02999877929688,74.94000244140625,76.0,66.41883850097656,1022400
2016-05-03,75.62999725341797,75.62999725341797,74.62999725341797,74.95999908447266,65.50994873046875,1234000
2016-05-04,74.22000122070312,74.70999908447266,73.73999786376953,74.22000122070312,64.86323547363281,928700
2016-05-05,74.20999908447266,75.2699966430664,74.06999969482422,74.25,64.88945007324219,1356100
2016-05-06,71.88999938964844,74.25,66.51000213623047,70.54000091552734,61.64717102050781,5561100
2016-05-09,70.41999816894531,71.26000213623047,70.0,70.81999969482422,61.89189147949219,2846000
2016-05-10,70.87000274658203,71.69000244140625,70.62000274658203,71.05000305175781,62.09286880493164,1539700
2016-05-11,71.05000305175781,71.33000183105469,69.97000122070312,70.06999969482422,61.23643112182617,1972800
2016-05-12,70.20999908447266,71.54000091552734,69.66000366210938,71.11000061035156,62.145347595214844,1853500
2016-05-13,70.9800033569336,71.30000305175781,70.37999725341797,70.62000274658203,61.71708679199219,1897500
2016-05-16,70.4000015258789,71.2699966430664,70.06999969482422,70.83000183105469,61.90061569213867,1745600
2016-05-17,70.66000366210938,70.80000305175781,69.86000061035156,69.88999938964844,61.0791015625,2012700
2016-05-18,69.81999969482422,70.19999694824219,69.05000305175781,69.45999908447266,60.70332336425781,1208900
2016-05-19,69.36000061035156,69.76000213623047,68.29000091552734,68.72000122070312,60.05662155151367,1240600
2016-05-20,69.13999938964844,69.13999938964844,68.61000061035156,68.75,60.08283996582031,1624000
2016-05-23,68.58000183105469,69.0,68.48999786376953,68.77999877929688,60.10904312133789,1743600
2016-05-24,68.87000274658203,69.79000091552734,68.87000274658203,69.68000030517578,60.895591735839844,1414300
2016-05-25,69.75,69.97000122070312,69.33000183105469,69.3499984741211,60.60719299316406,1155400
2016-05-26,69.31999969482422,69.83999633789062,68.95999908447266,69.4000015258789,60.6508903503418,832100
2016-05-27,69.12999725341797,69.51000213623047,68.54000091552734,69.5,60.73829650878906,1187500
2016-05-31,69.5999984741211,69.72000122070312,68.73999786376953,69.2699966430664,60.53728485107422,3524600
2016-06-01,69.01000213623047,69.44999694824219,68.6500015258789,69.05999755859375,60.35374069213867,1556800
2016-06-02,69.05999755859375,69.16000366210938,68.62000274658203,68.80000305175781,60.12654113769531,2347600
2016-06-03,68.6500015258789,68.77999877929688,67.69000244140625,68.47000122070312,59.838130950927734,4249100
2016-06-06,68.5199966430664,69.05000305175781,68.19999694824219,68.7699966430664,60.10030746459961,2766300
2016-06-07,68.4800033569336,68.6500015258789,67.93000030517578,68.16000366210938,59.56722640991211,3355800
2016-06-08,68.4000015258789,69.31999969482422,68.18000030517578,69.05000305175781,60.34501647949219,2742200
2016-06-09,68.91999816894531,69.25,68.3499984741211,68.55999755859375,59.9167594909668,1516300
2016-06-10,67.91999816894531,68.05000305175781,67.2300033569336,67.44000244140625,58.93798828125,2048900
2016-06-13,66.9000015258789,67.91000366210938,66.7699966430664,66.81999969482422,58.75334548950195,2520100
2016-06-14,66.55000305175781,67.45999908447266,66.5,67.23999786376953,59.122615814208984,1687700
2016-06-15,67.30999755859375,67.9000015258789,67.20999908447266,67.54000091552734,59.38641357421875,4527200
2016-06-16,67.12000274658203,67.87000274658203,67.02999877929688,67.80000305175781,59.61503219604492,2178600
2016-06-17,67.81999969482422,67.91999816894531,67.30000305175781,67.33000183105469,59.20175552368164,3816900
2016-06-20,67.93000030517578,68.58999633789062,67.8499984741211,68.3499984741211,60.09864044189453,3958000
2016-06-21,68.30999755859375,68.41999816894531,67.80000305175781,67.80999755859375,59.62380599975586,1259700
2016-06-22,67.72000122070312,67.93000030517578,67.37999725341797,67.43000030517578,59.289703369140625,1079900
2016-06-23,67.83000183105469,68.16000366210938,67.69999694824219,68.01000213623047,59.79966735839844,1001800
2016-06-24,66.05000305175781,66.44999694824219,64.5999984741211,64.7300033569336,56.91563034057617,4735100
2016-06-27,64.16999816894531,64.16999816894531,62.7599983215332,63.08000183105469,55.464839935302734,2327600
2016-06-28,63.61000061035156,63.810001373291016,62.81999969482422,63.689998626708984,56.001190185546875,2158000
2016-06-29,64.2300033569336,64.6500015258789,63.72999954223633,64.55000305175781,56.75736999511719,1169300
2016-06-30,65.37000274658203,65.9800033569336,64.87999725341797,65.97000122070312,58.005950927734375,1926500
2016-07-01,65.86000061035156,66.45999908447266,65.55999755859375,66.01000213623047,58.04113006591797,1171900
2016-07-05,65.47000122070312,65.47000122070312,64.7300033569336,64.7699966430664,56.9508171081543,939900
2016-07-06,64.41999816894531,65.3499984741211,64.05000305175781,65.30000305175781,57.416847229003906,2213000
2016-07-07,65.19000244140625,65.43000030517578,64.76000213623047,65.05000305175781,57.19701385498047,930200
2016-07-08,65.66999816894531,66.54000091552734,65.5,66.37999725341797,58.3664436340332,923500
2016-07-11,66.56999969482422,66.73999786376953,66.20999908447266,66.62000274658203,58.57748031616211,983500
2016-07-12,67.26000213623047,67.51000213623047,66.87999725341797,67.4000015258789,59.26331329345703,1181500
2016-07-13,67.66999816894531,67.7300033569336,67.31999969482422,67.45999908447266,59.31606674194336,951400
2016-07-14,67.87000274658203,68.16000366210938,67.47000122070312,67.58000183105469,59.42160415649414,958900
2016-07-15,67.79000091552734,67.79000091552734,67.08000183105469,67.4000015258789,59.26331329345703,928200
2016-07-18,67.4000015258789,68.0,67.4000015258789,67.55000305175781,59.39522171020508,695900
2016-07-19,67.5999984741211,67.76000213623047,67.0999984741211,67.5,59.35124206542969,765600
2016-07-20,67.56999969482422,68.0199966430664,67.52999877929688,67.93000030517578,59.729331970214844,979900
2016-07-21,67.83000183105469,68.12999725341797,67.30999755859375,67.55000305175781,59.39522171020508,714700
2016-07-22,67.51000213623047,68.36000061035156,67.47000122070312,68.25,60.010704040527344,816100
2016-07-25,68.02999877929688,68.33999633789062,67.86000061035156,68.08999633789062,59.87001419067383,566900
2016-07-26,68.1500015258789,68.48999786376953,68.0999984741211,68.41999816894531,60.16018295288086,564500
2016-07-27,68.44999694824219,69.29000091552734,68.20999908447266,69.26000213623047,60.89878845214844,1342700
2016-07-28,69.0199966430664,69.7300033569336,69.01000213623047,69.58000183105469,61.180137634277344,1215400
2016-07-29,69.45999908447266,69.56999969482422,68.98999786376953,69.37999725341797,61.0042839050293,936300
2016-08-01,69.4000015258789,69.69999694824219,69.02999877929688,69.62999725341797,61.2241096496582,871600
2016-08-02,69.41999816894531,69.5,68.36000061035156,68.83999633789062,60.52947235107422,809200
2016-08-03,68.80000305175781,69.29000091552734,68.55999755859375,69.29000091552734,60.925167083740234,1032100
2016-08-04,69.38999938964844,70.76000213623047,69.33999633789062,70.23999786376953,61.76044845581055,1759200
2016-08-05,70.37000274658203,73.63999938964844,69.80999755859375,73.5,64.62691497802734,2783800
2016-08-08,73.66000366210938,74.83000183105469,73.5,73.93000030517578,65.0050048828125,2120100
2016-08-09,74.0199966430664,74.5199966430664,73.80000305175781,74.27999877929688,65.312744140625,1575000
2016-08-10,74.20999908447266,74.37000274658203,73.88999938964844,74.27999877929688,65.312744140625,1464000
2016-08-11,74.5999984741211,75.86000061035156,74.4800033569336,75.5199966430664,66.4030532836914,1616300
2016-08-12,75.38999938964844,75.94999694824219,74.51000213623047,74.54000091552734,65.54134368896484,1946100
2016-08-15,74.55000305175781,75.62000274658203,74.30999755859375,75.44000244140625,66.33271026611328,1721000
2016-08-16,75.31999969482422,75.69000244140625,74.79000091552734,75.58000183105469,66.45579528808594,1319800
2016-08-17,75.41000366210938,75.80999755859375,75.08000183105469,75.68000030517578,66.54371643066406,2159200
2016-08-18,75.69000244140625,76.01000213623047,75.54000091552734,75.98999786376953,66.8163070678711,658800
2016-08-19,75.73999786376953,76.4800033569336,75.63999938964844,76.33999633789062,67.12406158447266,795600
2016-08-22,76.06999969482422,76.51000213623047,75.83999633789062,76.48999786376953,67.25595092773438,833400
2016-08-23,76.80000305175781,77.43000030517578,76.62999725341797,76.98999786376953,67.69557189941406,1113100
2016-08-24,76.72000122070312,77.22000122070312,76.5,77.12000274658203,67.80989074707031,1078300
2016-08-25,76.81999969482422,77.37999725341797,76.77999877929688,77.18000030517578,67.86266326904297,956500
2016-08-26,77.11000061035156,77.86000061035156,76.58999633789062,77.19999694824219,67.88025665283203,776500
2016-08-29,77.19999694824219,77.63999938964844,76.93000030517578,77.29000091552734,67.9593734741211,834500
2016-08-30,77.3499984741211,77.66000366210938,77.1500015258789,77.51000213623047,68.15282440185547,1139600
2016-08-31,77.19000244140625,77.19000244140625,76.68000030517578,76.98999786376953,67.69557189941406,1410300
2016-09-01,76.95999908447266,77.0199966430664,76.05000305175781,76.80000305175781,67.52851104736328,1562700
2016-09-02,77.18000030517578,77.98999786376953,77.05999755859375,77.94999694824219,68.5396957397461,1084700
2016-09-06,77.91999816894531,78.98999786376953,77.51000213623047,78.31999969482422,68.86502838134766,1398100
2016-09-07,78.1500015258789,78.41999816894531,77.86000061035156,78.08000183105469,68.65399169921875,1220100
2016-09-08,77.83000183105469,77.98999786376953,77.36000061035156,77.37000274658203,68.02972412109375,1478700
2016-09-09,77.0199966430664,77.58000183105469,76.55999755859375,76.6500015258789,67.39664459228516,1588100
2016-09-12,76.7699966430664,77.27999877929688,75.9000015258789,77.2300033569336,67.9066162109375,1516400
2016-09-13,76.56999969482422,77.98999786376953,76.02999877929688,76.08999633789062,67.26132202148438,1336000
2016-09-14,75.91000366210938,75.98999786376953,75.25,75.47000122070312,66.7132797241211,1008000
2016-09-15,75.55999755859375,76.11000061035156,75.52999877929688,76.04000091552734,67.21710968017578,1535400
2016-09-16,75.7300033569336,75.91000366210938,75.37000274658203,75.62999725341797,66.85469055175781,3574200
2016-09-19,75.6500015258789,76.4000015258789,75.4800033569336,75.76000213623047,66.96961975097656,772700
2016-09-20,76.13999938964844,76.23999786376953,75.04000091552734,75.20999908447266,66.48341369628906,715000
2016-09-21,75.20999908447266,75.77999877929688,75.08000183105469,75.7300033569336,66.9430923461914,1268900
2016-09-22,76.25,76.44999694824219,76.05999755859375,76.19000244140625,67.34972381591797,619700
2016-09-23,76.04000091552734,76.47000122070312,75.97000122070312,76.11000061035156,67.27901458740234,1275800
2016-09-26,75.72000122070312,76.16000366210938,75.61000061035156,75.94999694824219,67.1375732421875,611600
2016-09-27,75.94999694824219,76.44000244140625,75.7300033569336,76.31999969482422,67.4646224975586,1134900
2016-09-28,76.29000091552734,76.95999908447266,76.16000366210938,76.79000091552734,67.88011932373047,1100100
2016-09-29,76.45999908447266,77.37000274658203,76.16000366210938,77.20999908447266,68.25135803222656,1839400
2016-09-30,77.48999786376953,77.5,76.05000305175781,76.27999877929688,67.42926788330078,1806300
2016-10-03,75.9800033569336,76.38999938964844,75.16999816894531,75.25,66.51879119873047,1055400
2016-10-04,75.12999725341797,75.5999984741211,74.01000213623047,74.41999816894531,65.78507232666016,978100
2016-10-05,74.69999694824219,74.94000244140625,74.12000274658203,74.3499984741211,65.72320556640625,1084400
2016-10-06,74.33999633789062,74.77999877929688,74.05000305175781,74.63999938964844,65.97956085205078,627000
2016-10-07,74.79000091552734,74.79000091552734,73.73999786376953,74.4800033569336,65.83814239501953,683000
2016-10-10,74.88999938964844,74.98999786376953,74.4000015258789,74.66999816894531,66.0060806274414,501100
2016-10-11,74.66000366210938,74.69999694824219,73.08999633789062,73.5,64.97184753417969,874200
2016-10-12,74.20999908447266,74.97000122070312,73.55000305175781,73.76000213623047,65.20166778564453,1578500
2016-10-13,73.55000305175781,73.55000305175781,72.30000305175781,73.05999755859375,64.58287811279297,1231400
2016-10-14,73.52999877929688,74.05000305175781,73.33999633789062,73.58000183105469,65.04254913330078,766100
2016-10-17,73.66000366210938,73.9800033569336,73.08999633789062,73.12999725341797,64.64476776123047,792700
2016-10-18,73.79000091552734,74.19999694824219,73.68000030517578,73.80000305175781,65.2370376586914,477700
2016-10-19,74.02999877929688,74.19999694824219,73.43000030517578,73.80000305175781,65.2370376586914,671000
2016-10-20,73.75,73.94000244140625,73.4000015258789,73.56999969482422,65.0337142944336,510200
2016-10-21,73.11000061035156,73.69000244140625,72.9800033569336,73.62000274658203,65.07791900634766,585800
2016-10-24,74.11000061035156,74.91000366210938,73.87000274658203,74.48999786376953,65.84696960449219,591600
2016-10-25,74.48999786376953,74.52999877929688,73.73999786376953,74.16000366210938,65.55525207519531,946300
2016-10-26,74.06999969482422,74.41000366210938,73.55000305175781,73.58000183105469,65.04254913330078,651700
2016-10-27,73.66999816894531,73.93000030517578,73.22000122070312,73.4800033569336,64.95418548583984,1016100
2016-10-28,73.55999755859375,74.2300033569336,72.75,72.83000183105469,64.37957000732422,1036800
2016-10-31,72.70999908447266,73.04000091552734,72.05000305175781,72.58000183105469,64.1585922241211,1020100
2016-11-01,72.9000015258789,72.97000122070312,71.81999969482422,72.31999969482422,63.92875289916992,648400
2016-11-02,72.29000091552734,72.75,71.51000213623047,71.56999969482422,63.26578140258789,1075900
2016-11-03,71.70999908447266,72.30000305175781,71.23999786376953,71.29000091552734,63.01825714111328,1308400
2016-11-04,72.55999755859375,76.0199966430664,72.54000091552734,75.9000015258789,67.0933837890625,2657200
2016-11-07,76.77999877929688,77.73999786376953,76.63999938964844,77.70999908447266,68.69334411621094,1407500
2016-11-08,77.83000183105469,79.08000183105469,77.5199966430664,78.55999755859375,69.44471740722656,1517000
2016-11-09,77.45999908447266,79.44000244140625,77.08999633789062,78.95999908447266,69.7983169555664,1345000
2016-11-10,79.30000305175781,79.83000183105469,78.56999969482422,79.19000244140625,70.00163269042969,918900
2016-11-11,79.12999725341797,80.5,79.01000213623047,80.37999725341797,71.05355834960938,1340500
2016-11-14,80.5,81.37000274658203,80.45999908447266,80.5999984741211,71.24803161621094,1141200
2016-11-15,80.9000015258789,81.83000183105469,80.69000244140625,81.80000305175781,72.30877685546875,1390200
2016-11-16,81.79000091552734,82.19999694824219,80.48999786376953,80.51000213623047,71.1684799194336,1395200
2016-11-17,80.38999938964844,81.43000030517578,79.93000030517578,80.3499984741211,71.02700805664062,1262100
2016-11-18,80.5999984741211,80.5999984741211,79.87999725341797,79.9800033569336,70.699951171875,724800
2016-11-21,80.20999908447266,80.4000015258789,79.06999969482422,79.83000183105469,70.56736755371094,1203000
2016-11-22,80.04000091552734,80.63999938964844,79.58999633789062,80.30999755859375,70.99168395996094,1083700
2016-11-23,80.36000061035156,81.01000213623047,80.0,80.26000213623047,70.94747924804688,1133800
2016-11-25,80.25,81.19999694824219,80.25,80.9800033569336,71.58395385742188,392800
2016-11-28,80.81999969482422,81.06999969482422,80.55000305175781,80.86000061035156,71.47785949707031,769000
2016-11-29,80.66000366210938,81.30000305175781,80.6500015258789,81.11000061035156,71.69884490966797,674100
2016-11-30,81.12000274658203,81.19999694824219,80.0999984741211,80.25,70.9386215209961,1589500
2016-12-01,80.25,80.8499984741211,78.80999755859375,79.19000244140625,70.00163269042969,1158500
2016-12-02,79.16000366210938,79.68000030517578,78.69999694824219,79.5,70.27566528320312,948800
2016-12-05,79.8499984741211,80.91999816894531,79.31999969482422,80.91999816894531,71.53091430664062,1568600
2016-12-06,81.19000244140625,82.2699966430664,80.79000091552734,82.22000122070312,72.68004608154297,1258500
2016-12-07,82.33999633789062,83.27999877929688,82.05000305175781,83.2699966430664,73.60820770263672,1241000
2016-12-08,83.31999969482422,83.56999969482422,82.6500015258789,83.30000305175781,73.6347427368164,756700
2016-12-09,83.30999755859375,83.43000030517578,82.63999938964844,82.79000091552734,73.18392944335938,686400
2016-12-12,82.62999725341797,82.73999786376953,81.94999694824219,82.5999984741211,73.01597595214844,913200
2016-12-13,82.23999786376953,83.9000015258789,82.08999633789062,83.23999786376953,74.00277709960938,642000
2016-12-14,83.3499984741211,83.72000122070312,82.70999908447266,82.9000015258789,73.70053100585938,641400
2016-12-15,82.9000015258789,83.94999694824219,82.55999755859375,83.45999908447266,74.19839477539062,714400
2016-12-16,83.68000030517578,83.86000061035156,82.98999786376953,83.4000015258789,74.14501953125,1613200
2016-12-19,83.33999633789062,84.2699966430664,82.61000061035156,83.93000030517578,74.61621856689453,739400
2016-12-20,84.0999984741211,84.41000366210938,83.5999984741211,83.76000213623047,74.46508026123047,532700
2016-12-21,83.86000061035156,87.55000305175781,83.70999908447266,84.0,74.67845916748047,2054400
2016-12-22,84.12000274658203,84.44000244140625,83.26000213623047,83.72000122070312,74.42951202392578,639400
2016-12-23,83.62000274658203,83.80000305175781,83.20999908447266,83.41000366210938,74.1539306640625,399900
2016-12-27,83.41000366210938,84.06999969482422,83.38999938964844,83.5199966430664,74.25172424316406,477000
2016-12-28,83.5999984741211,83.7300033569336,82.73999786376953,82.86000061035156,73.66496276855469,329800
2016-12-29,82.8499984741211,83.47000122070312,82.54000091552734,82.87000274658203,73.67385864257812,414400
2016-12-30,83.16999816894531,83.33999633789062,82.56999969482422,82.88999938964844,73.69164276123047,500500
2017-01-03,83.38999938964844,83.91999816894531,83.0199966430664,83.5999984741211,74.32283020019531,1029000
2017-01-04,83.55000305175781,83.93000030517578,83.12000274658203,83.48999786376953,74.22504425048828,778200
2017-01-05,83.23999786376953,83.62999725341797,82.0,82.63999938964844,73.4693603515625,734700
2017-01-06,82.87999725341797,83.41000366210938,82.51000213623047,82.88999938964844,73.69164276123047,587700
2017-01-09,82.88999938964844,83.11000061035156,82.58000183105469,83.0199966430664,73.80719757080078,853300
2017-01-10,82.95999908447266,83.08000183105469,82.12999725341797,82.62999725341797,73.4604721069336,626900
2017-01-11,82.30000305175781,82.91000366210938,82.30000305175781,82.87999725341797,73.6827392578125,522300
2017-01-12,82.61000061035156,82.61000061035156,81.62999725341797,82.18000030517578,73.0604019165039,624400
2017-01-13,82.38999938964844,83.08999633789062,82.06999969482422,82.2699966430664,73.14042663574219,542500
2017-01-17,81.80999755859375,82.0999984741211,80.56999969482422,80.7300033569336,71.77134704589844,865700
2017-01-18,80.97000122070312,81.68000030517578,80.55000305175781,81.6500015258789,72.58922576904297,708800
2017-01-19,81.69000244140625,82.26000213623047,81.27999877929688,81.86000061035156,72.77592468261719,566700
2017-01-20,82.06999969482422,82.51000213623047,81.83000183105469,82.36000061035156,73.2204360961914,616400
2017-01-23,82.63999938964844,83.5,81.94999694824219,82.44000244140625,73.29156494140625,855700
2017-01-24,82.58000183105469,84.81999969482422,82.31999969482422,84.3499984741211,74.9896011352539,1126400
2017-01-25,84.69000244140625,85.44000244140625,84.48999786376953,85.29000091552734,75.82530975341797,994800
2017-01-26,85.11000061035156,85.29000091552734,83.3499984741211,83.36000061035156,74.10946655273438,1298400
2017-01-27,83.37999725341797,83.37999725341797,81.68000030517578,82.9800033569336,73.77165222167969,1237800
2017-01-30,82.38999938964844,83.06999969482422,81.18000030517578,81.69999694824219,72.63368225097656,1685600
2017-01-31,81.3499984741211,81.69999694824219,79.9000015258789,80.70999908447266,71.75355529785156,1381200
2017-02-01,81.16000366210938,81.77999877929688,79.75,80.02999877929688,71.14900207519531,1528100
2017-02-02,79.86000061035156,81.05999755859375,79.62999725341797,81.0,72.01133728027344,1961600
2017-02-03,82.93000030517578,83.75,78.94999694824219,81.5999984741211,72.54476928710938,3440200
2017-02-06,81.37000274658203,82.30999755859375,80.19999694824219,81.7300033569336,72.66036987304688,3032600
2017-02-07,81.72000122070312,81.9800033569336,76.91999816894531,77.33999633789062,68.75752258300781,11475000
2017-02-08,77.81999969482422,79.44999694824219,77.81999969482422,78.25,69.5665283203125,2484800
2017-02-09,78.5,78.77999877929688,77.75,77.80999755859375,69.17538452148438,1740400
2017-02-10,77.9000015258789,78.5199966430664,77.2300033569336,78.37000274658203,69.6732177734375,1596100
2017-02-13,78.79000091552734,79.38999938964844,78.41999816894531,78.4800033569336,69.77101135253906,1412600
2017-02-14,78.2699966430664,78.69999694824219,77.91999816894531,78.68000030517578,69.94883728027344,1271200
2017-02-15,78.61000061035156,79.58999633789062,78.37000274658203,79.4000015258789,70.58890533447266,1379400
2017-02-16,79.47000122070312,79.5999984741211,78.44000244140625,78.66000366210938,69.9310302734375,1131000
2017-02-17,78.41999816894531,79.36000061035156,78.2300033569336,79.30999755859375,70.50890350341797,796300
2017-02-21,79.2300033569336,80.41999816894531,79.19999694824219,80.1500015258789,71.25568389892578,1073200
2017-02-22,80.06999969482422,80.79000091552734,79.61000061035156,79.6500015258789,70.81116485595703,994300
2017-02-23,80.01000213623047,80.36000061035156,78.7699966430664,79.36000061035156,70.5533676147461,1071300
2017-02-24,78.97000122070312,80.33000183105469,78.41999816894531,80.2699966430664,71.36237335205078,1118900
2017-02-27,80.25,80.37999725341797,79.19000244140625,79.27999877929688,70.48225402832031,874400
2017-02-28,79.0,79.55000305175781,78.91000366210938,78.97000122070312,70.20664978027344,1427000
2017-03-01,79.7699966430664,80.2699966430664,78.9800033569336,79.9800033569336,71.10455322265625,1158000
2017-03-02,79.7300033569336,80.0999984741211,79.06999969482422,80.0199966430664,71.14012908935547,903800
2017-03-03,80.0199966430664,80.72000122070312,79.56999969482422,80.55000305175781,71.61128997802734,1051100
2017-03-06,79.97000122070312,80.30000305175781,79.69000244140625,79.97000122070312,71.09565734863281,1292000
2017-03-07,79.6500015258789,80.16999816894531,78.75,79.66000366210938,70.82005310058594,1459900
2017-03-08,79.76000213623047,80.51000213623047,79.63999938964844,80.19999694824219,71.30013275146484,1408600
2017-03-09,80.12999725341797,81.38999938964844,80.0199966430664,81.37000274658203,72.34030151367188,1209700
2017-03-10,81.27999877929688,82.44999694824219,81.27999877929688,82.0999984741211,72.98928833007812,1221400
2017-03-13,81.62999725341797,82.12000274658203,81.12000274658203,81.6500015258789,73.00718688964844,1213400
2017-03-14,81.4000015258789,83.86000061035156,81.19999694824219,83.36000061035156,74.53616333007812,2022800
2017-03-15,83.45999908447266,85.43000030517578,83.44999694824219,85.23999786376953,76.21719360351562,1927900
2017-03-16,85.33999633789062,86.2300033569336,84.80000305175781,85.1500015258789,76.13671112060547,1755800
2017-03-17,85.30000305175781,85.75,84.66999816894531,84.72000122070312,75.75221252441406,1485100
2017-03-20,84.52999877929688,84.7699966430664,83.6500015258789,84.30000305175781,75.37667846679688,1277500
2017-03-21,86.75,87.0,83.55999755859375,83.76000213623047,74.89383697509766,2523400
2017-03-22,84.12999725341797,84.88999938964844,83.29000091552734,83.58999633789062,74.74182891845703,1868700
2017-03-23,83.52999877929688,84.25,83.41000366210938,83.73999786376953,74.87596130371094,1253100
2017-03-24,83.95999908447266,84.30000305175781,83.38999938964844,83.66999816894531,74.81333923339844,929700
2017-03-27,83.1500015258789,84.19999694824219,82.75,84.0,75.1084213256836,847000
2017-03-28,84.0,84.4800033569336,83.77999877929688,84.0,75.1084213256836,851200
2017-03-29,84.0,84.37000274658203,83.9000015258789,84.12999725341797,75.22467803955078,994500
2017-03-30,84.12999725341797,84.93000030517578,84.0999984741211,84.87000274658203,75.88634490966797,1180100
2017-03-31,84.5999984741211,86.51000213623047,84.38999938964844,86.22000122070312,77.09342193603516,2114100
2017-04-03,86.22000122070312,86.38999938964844,84.5199966430664,84.83000183105469,75.85057830810547,1253900
2017-04-04,84.37999725341797,85.0999984741211,84.25,84.5199966430664,75.57337188720703,1216000
2017-04-05,84.77999877929688,85.19000244140625,83.68000030517578,83.83000183105469,74.95642852783203,1022300
2017-04-06,83.9000015258789,84.76000213623047,83.37999725341797,84.19999694824219,75.2872543334961,665200
2017-04-07,84.16999816894531,84.58000183105469,83.69000244140625,84.25,75.33196258544922,1059200
2017-04-10,84.31999969482422,84.37999725341797,83.66999816894531,83.70999908447266,74.84912109375,555400
2017-04-11,83.68000030517578,83.68000030517578,83.05000305175781,83.44999694824219,74.61663818359375,801800
2017-04-12,83.4000015258789,83.47000122070312,82.48999786376953,82.83999633789062,74.07121276855469,753000
2017-04-13,83.0,83.1500015258789,82.29000091552734,82.33999633789062,73.62413024902344,827000
2017-04-17,82.52999877929688,83.13999938964844,82.45999908447266,83.08000183105469,74.28580474853516,596800
2017-04-18,82.8499984741211,83.18000030517578,82.4800033569336,82.63999938964844,73.89237976074219,636400
2017-04-19,82.7300033569336,83.4800033569336,82.7300033569336,83.37000274658203,74.54512023925781,712700
2017-04-20,83.68000030517578,84.25,83.38999938964844,84.0999984741211,75.19786071777344,638300
2017-04-21,84.0199966430664,84.08000183105469,83.58999633789062,83.72000122070312,74.8580551147461,761400
2017-04-24,84.7699966430664,84.97000122070312,84.31999969482422,84.72000122070312,75.75221252441406,538400
2017-04-25,84.7699966430664,85.63999938964844,84.7699966430664,85.38999938964844,76.35127258300781,754200
2017-04-26,85.45999908447266,85.9800033569336,85.30000305175781,85.37999725341797,76.34235382080078,578700
2017-04-27,85.47000122070312,86.20999908447266,85.41000366210938,86.06999969482422,76.95929718017578,523700
2017-04-28,86.11000061035156,86.16999816894531,85.30999755859375,85.97000122070312,76.86990356445312,1087100
2017-05-01,86.2699966430664,86.62999725341797,85.87999725341797,86.16000366210938,77.039794921875,735300
2017-05-02,86.2699966430664,86.45999908447266,85.4000015258789,85.91999816894531,76.82520294189453,825800
2017-05-03,85.63999938964844,86.37999725341797,85.63999938964844,86.37000274658203,77.22755432128906,676700
2017-05-04,86.31999969482422,86.79000091552734,85.4000015258789,86.0999984741211,76.98612213134766,908400
2017-05-05,87.43000030517578,87.69000244140625,83.5999984741211,84.44000244140625,75.50183868408203,2176700
2017-05-08,84.30000305175781,84.58000183105469,83.11000061035156,83.58999633789062,74.74182891845703,1776900
2017-05-09,83.5999984741211,84.79000091552734,83.4800033569336,84.7699966430664,75.79691314697266,1100400
2017-05-10,84.62999725341797,85.7699966430664,84.04000091552734,85.7699966430664,76.69105529785156,1256300
2017-05-11,85.33999633789062,86.97000122070312,84.52999877929688,85.36000061035156,76.32447052001953,928600
2017-05-12,85.05000305175781,85.2699966430664,84.19000244140625,84.20999908447266,75.29620361328125,657800
2017-05-15,84.5,84.98999786376953,84.31999969482422,84.4800033569336,75.5376205444336,589100
2017-05-16,84.38999938964844,84.72000122070312,83.5999984741211,83.69999694824219,74.84017944335938,1135000
2017-05-17,83.69999694824219,83.69999694824219,81.58000183105469,81.8499984741211,73.18599700927734,1327000
2017-05-18,81.22000122070312,81.69999694824219,80.68000030517578,80.83000183105469,72.27397918701172,1302300
2017-05-19,81.05000305175781,81.19999694824219,79.62999725341797,80.83000183105469,72.27397918701172,1571300
2017-05-22,81.94999694824219,83.12999725341797,81.62999725341797,82.93000030517578,74.15167999267578,1475800
2017-05-23,82.93000030517578,82.93000030517578,81.77999877929688,82.11000061035156,73.41849517822266,980300
2017-05-24,82.05000305175781,82.3499984741211,80.97000122070312,82.22000122070312,73.51683044433594,941800
2017-05-25,82.66999816894531,83.22000122070312,81.88999938964844,82.2699966430664,73.5615463256836,1346200
2017-05-26,82.27999877929688,82.72000122070312,81.66999816894531,81.86000061035156,73.19496154785156,952900
2017-05-30,82.80999755859375,83.93000030517578,82.23999786376953,82.83000183105469,74.06227111816406,1317000
2017-05-31,82.87000274658203,83.5999984741211,82.43000030517578,83.56999969482422,74.72394561767578,2092500
2017-06-01,83.94999694824219,85.6500015258789,83.48999786376953,85.63999938964844,76.57484436035156,1490800
2017-06-02,85.58000183105469,86.79000091552734,85.19999694824219,86.62000274658203,77.45110321044922,1318800
2017-06-05,86.58999633789062,87.44999694824219,86.37999725341797,87.30999755859375,78.06804656982422,1077400
2017-06-06,87.20999908447266,87.95999908447266,86.5199966430664,87.45999908447266,78.2021484375,1001900
2017-06-07,87.77999877929688,87.97000122070312,85.66999816894531,86.18000030517578,77.05766296386719,1151600
2017-06-08,86.18000030517578,86.73999786376953,85.20999908447266,86.6500015258789,77.4779281616211,834200
2017-06-09,86.75,87.7699966430664,85.38999938964844,86.16999816894531,77.0487289428711,1173800
2017-06-12,85.73999786376953,86.20999908447266,85.0999984741211,86.11000061035156,76.99504852294922,1638300
2017-06-13,86.30000305175781,86.88999938964844,85.63999938964844,86.04000091552734,77.35470581054688,1200000
2017-06-14,86.02999877929688,86.02999877929688,84.5,84.87000274658203,76.30281066894531,875800
2017-06-15,84.29000091552734,84.66000366210938,83.86000061035156,84.44999694824219,75.92520141601562,993400
2017-06-16,84.66000366210938,84.91999816894531,84.30000305175781,84.72000122070312,76.1679458618164,1172300
2017-06-19,85.05000305175781,86.30000305175781,84.91999816894531,86.19999694824219,77.4985580444336,783000
2017-06-20,86.0,86.02999877929688,85.41000366210938,85.73999786376953,77.08499908447266,730800
2017-06-21,86.06999969482422,86.37999725341797,85.81999969482422,86.23999786376953,77.53450775146484,1100200
2017-06-22,86.25,87.69999694824219,85.94999694824219,87.36000061035156,78.54144287109375,1038900
2017-06-23,87.41000366210938,88.76000213623047,87.08000183105469,88.63999938964844,79.69222259521484,1641400
2017-06-26,88.75,89.1500015258789,88.38999938964844,88.41999816894531,79.49443817138672,758200
2017-06-27,88.55999755859375,88.79000091552734,87.72000122070312,87.72000122070312,78.86511993408203,792000
2017-06-28,88.16000366210938,88.66999816894531,87.80999755859375,88.12999725341797,79.23371124267578,1108300
2017-06-29,88.08999633789062,88.30000305175781,86.19000244140625,86.80000305175781,78.03797912597656,1436700
2017-06-30,87.0,87.55999755859375,86.68000030517578,86.73999786376953,77.9840316772461,1229300
2017-07-03,86.98999786376953,87.27999877929688,86.66999816894531,86.68000030517578,77.93008422851562,472300
2017-07-05,86.83000183105469,87.22000122070312,86.41999816894531,86.83000183105469,78.06493377685547,815200
2017-07-06,86.69999694824219,86.70999908447266,85.58999633789062,85.95999908447266,77.28277587890625,860700
2017-07-07,86.3499984741211,87.5999984741211,86.29000091552734,87.30999755859375,78.49649047851562,617400
2017-07-10,86.83999633789062,87.5999984741211,86.83999633789062,87.2300033569336,78.42457580566406,548500
2017-07-11,87.37999725341797,87.77999877929688,86.68000030517578,87.6500015258789,78.80216979980469,479900
2017-07-12,88.19999694824219,88.79000091552734,87.91000366210938,88.6500015258789,79.70124053955078,581500
2017-07-13,88.58000183105469,88.91000366210938,88.05999755859375,88.33000183105469,79.41353607177734,683400
2017-07-14,88.23999786376953,88.6500015258789,87.7699966430664,88.61000061035156,79.66526794433594,460700
2017-07-17,88.43000030517578,88.55000305175781,88.05999755859375,88.27999877929688,79.36857604980469,444700
2017-07-18,88.08999633789062,88.47000122070312,87.5,88.44999694824219,79.52140808105469,540400
2017-07-19,88.80999755859375,90.0,88.5199966430664,89.77999877929688,80.71715545654297,726400
2017-07-20,89.77999877929688,89.98999786376953,89.22000122070312,89.95999908447266,80.87899780273438,531500
2017-07-21,89.98999786376953,91.41999816894531,89.63999938964844,90.5199966430664,81.38247680664062,1081500
2017-07-24,90.51000213623047,91.08000183105469,90.1500015258789,90.66999816894531,81.51731872558594,552600
2017-07-25,90.88999938964844,91.5,90.6500015258789,91.38999938964844,82.16463470458984,669400
2017-07-26,91.51000213623047,92.19000244140625,91.2300033569336,91.83999633789062,82.56922149658203,686800
2017-07-27,91.98999786376953,92.31999969482422,91.37999725341797,92.20999908447266,82.90186309814453,732500
2017-07-28,91.98999786376953,92.66999816894531,91.0,91.01000213623047,81.82300567626953,1015400
2017-07-31,91.22000122070312,91.44999694824219,89.73999786376953,90.68000030517578,81.52631378173828,1004700
2017-08-01,91.05000305175781,92.16999816894531,90.9000015258789,91.94999694824219,82.6681137084961,726200
2017-08-02,91.9000015258789,91.98999786376953,90.30999755859375,90.43000030517578,81.30155944824219,646400
2017-08-03,90.51000213623047,91.3499984741211,90.20999908447266,90.4000015258789,81.27458953857422,971400
2017-08-04,91.58999633789062,93.75,89.62999725341797,90.37000274658203,81.24759674072266,2085500
2017-08-07,90.3499984741211,90.3499984741211,88.63999938964844,89.19999694824219,80.19572448730469,1307000
2017-08-08,89.18000030517578,89.4800033569336,88.30000305175781,88.58000183105469,79.63831329345703,989000
2017-08-09,88.12999725341797,88.52999877929688,87.69999694824219,88.51000213623047,79.57536315917969,773400
2017-08-10,87.8499984741211,88.16999816894531,86.97000122070312,86.98999786376953,78.20879364013672,901000
2017-08-11,87.1500015258789,88.31999969482422,86.95999908447266,87.4800033569336,78.64934539794922,806000
2017-08-14,88.11000061035156,88.87999725341797,88.0,88.5999984741211,79.65625762939453,683400
2017-08-15,88.72000122070312,88.87000274658203,87.9000015258789,87.91999816894531,79.04492950439453,895900
2017-08-16,88.05000305175781,88.62000274658203,86.44000244140625,88.19000244140625,79.28767395019531,1548700
2017-08-17,87.63999938964844,88.41000366210938,87.08000183105469,87.12999725341797,78.33465576171875,1292000
2017-08-18,86.98999786376953,88.45999908447266,86.3499984741211,87.37000274658203,78.55045318603516,1185300
2017-08-21,86.70999908447266,87.63999938964844,85.68000030517578,87.19999694824219,78.39762115478516,1406300
2017-08-22,87.44999694824219,87.5,86.02999877929688,86.41000366210938,77.6873550415039,1275800
2017-08-23,86.16000366210938,87.45999908447266,85.1500015258789,86.20999908447266,77.50753021240234,3547300
2017-08-24,86.44000244140625,86.70999908447266,85.91000366210938,86.51000213623047,77.77726745605469,870100
2017-08-25,86.76000213623047,87.47000122070312,86.44000244140625,86.87999725341797,78.10990142822266,872800
2017-08-28,87.0199966430664,87.95999908447266,87.0199966430664,87.30000305175781,78.48751068115234,725900
2017-08-29,86.88999938964844,87.19999694824219,86.55999755859375,86.94000244140625,78.16384887695312,880800
2017-08-30,86.9800033569336,87.7300033569336,86.5199966430664,87.66000366210938,78.8111801147461,572500
2017-08-31,87.9000015258789,88.33000183105469,87.56999969482422,88.12000274658203,79.2247314453125,1269400
2017-09-01,88.33999633789062,88.38999938964844,87.62000274658203,87.87000274658203,78.9999771118164,620400
2017-09-05,87.58000183105469,87.88999938964844,86.31999969482422,86.66000366210938,77.9121322631836,637200
2017-09-06,86.66000366210938,86.69999694824219,85.37999725341797,85.72000122070312,77.06700897216797,1085400
2017-09-07,85.79000091552734,86.44999694824219,85.11000061035156,86.3499984741211,77.6333999633789,1006400
2017-09-08,86.0999984741211,86.16000366210938,85.05000305175781,85.12000274658203,76.527587890625,1583200
2017-09-11,85.66999816894531,87.4000015258789,85.3499984741211,87.01000213623047,78.22679138183594,1008400
2017-09-12,87.2300033569336,87.93000030517578,86.62000274658203,87.73999786376953,78.88311004638672,834100
2017-09-13,87.48999786376953,87.48999786376953,85.91999816894531,85.97000122070312,77.29176330566406,762500
2017-09-14,85.19000244140625,85.69000244140625,84.43000030517578,84.58000183105469,76.4600830078125,957300
2017-09-15,84.58999633789062,85.54000091552734,84.27999877929688,85.4800033569336,77.27369689941406,1799100
2017-09-18,85.76000213623047,85.93000030517578,85.29000091552734,85.4800033569336,77.27369689941406,1005700
2017-09-19,85.7699966430664,86.0,85.2699966430664,85.83999633789062,77.59913635253906,771600
2017-09-20,85.9800033569336,86.0,84.91000366210938,85.6500015258789,77.4273910522461,614600
2017-09-21,85.56999969482422,85.62999725341797,84.72000122070312,84.98999786376953,76.83073425292969,470900
2017-09-22,84.93000030517578,85.04000091552734,84.18000030517578,84.29000091552734,76.19792175292969,746000
2017-09-25,84.13999938964844,84.38999938964844,83.13999938964844,83.5,75.48377990722656,520600
2017-09-26,83.6500015258789,83.80999755859375,82.86000061035156,83.0199966430664,75.04985046386719,748100
2017-09-27,83.3499984741211,84.44999694824219,83.11000061035156,84.0999984741211,76.02617645263672,877500
2017-09-28,83.7699966430664,84.26000213623047,83.58999633789062,83.69000244140625,75.6555404663086,677200
2017-09-29,83.91999816894531,84.87000274658203,83.61000061035156,84.87000274658203,76.72224426269531,953700
2017-10-02,84.73999786376953,85.83999633789062,84.55999755859375,85.83999633789062,77.59913635253906,1039600
2017-10-03,85.73999786376953,85.79000091552734,85.26000213623047,85.69000244140625,77.46353149414062,604100
2017-10-04,85.80000305175781,86.01000213623047,85.45999908447266,85.63999938964844,77.41832733154297,572500
2017-10-05,85.66999816894531,86.54000091552734,85.5999984741211,86.0,77.7437515258789,749100
2017-10-06,86.9000015258789,89.69000244140625,86.75,89.44000244140625,80.85352325439453,2118200
2017-10-09,89.69999694824219,90.05000305175781,88.91999816894531,89.0999984741211,80.54617309570312,991300
2017-10-10,89.54000091552734,89.72000122070312,88.76000213623047,89.08000183105469,80.52806854248047,824100
2017-10-11,89.16999816894531,89.5,88.77999877929688,89.26000213623047,80.69078063964844,570300
2017-10-12,89.19000244140625,90.2300033569336,88.88999938964844,89.80000305175781,81.17896270751953,725600
2017-10-13,90.0,90.16000366210938,89.51000213623047,89.93000030517578,81.29646301269531,681000
2017-10-16,89.93000030517578,90.0199966430664,89.27999877929688,89.36000061035156,80.78119659423828,583400
2017-10-17,89.08999633789062,89.30000305175781,88.52999877929688,88.87999725341797,80.34725952148438,589100
2017-10-18,89.1500015258789,89.19000244140625,88.05999755859375,89.08999633789062,80.537109375,720200
2017-10-19,88.8499984741211,90.06999969482422,88.70999908447266,89.6500015258789,81.0433349609375,611700
2017-10-20,90.37000274658203,90.66999816894531,89.63999938964844,90.0,81.35973358154297,1136000
2017-10-23,90.3499984741211,90.43000030517578,89.79000091552734,89.94000244140625,81.3055191040039,563200
2017-10-24,90.0,90.87999725341797,89.69999694824219,90.2300033569336,81.56768035888672,466700
2017-10-25,89.97000122070312,90.5,89.6500015258789,90.05000305175781,81.40495300292969,572100
2017-10-26,90.12999725341797,90.43000030517578,89.30999755859375,90.27999877929688,81.61287689208984,410600
2017-10-27,90.44999694824219,91.79000091552734,90.0199966430664,91.19000244140625,82.43551635742188,701100
2017-10-30,91.06999969482422,91.16999816894531,90.16000366210938,90.37000274658203,81.69422912597656,725600
2017-10-31,90.31999969482422,90.80000305175781,90.02999877929688,90.54000091552734,81.84791564941406,750500
2017-11-01,91.13999938964844,91.73999786376953,90.16000366210938,90.55999755859375,81.86599731445312,789800
2017-11-02,90.33000183105469,90.5999984741211,89.81999969482422,90.0199966430664,81.3778305053711,1058400
2017-11-03,91.5199966430664,94.94000244140625,90.4000015258789,94.25,85.20174407958984,1576900
2017-11-06,94.0199966430664,94.05999755859375,92.19000244140625,92.43000030517578,83.55645751953125,1385600
2017-11-07,92.4000015258789,92.6500015258789,91.68000030517578,92.11000061035156,83.26717376708984,678900
2017-11-08,91.98999786376953,93.11000061035156,91.4000015258789,92.66000366210938,83.76439666748047,672900
2017-11-09,92.0,92.11000061035156,91.26000213623047,91.61000061035156,82.81519317626953,627800
2017-11-10,91.27999877929688,92.0,91.0,91.06999969482422,82.32703399658203,584900
2017-11-13,90.5999984741211,91.76000213623047,90.5999984741211,91.37000274658203,82.59822082519531,782200
2017-11-14,90.87000274658203,91.18000030517578,90.25,91.0199966430664,82.28182220458984,760700
2017-11-15,90.9800033569336,91.62000274658203,90.20999908447266,90.38999938964844,81.71231842041016,807500
2017-11-16,90.62000274658203,91.20999908447266,90.05000305175781,90.97000122070312,82.23662567138672,947300
2017-11-17,90.5999984741211,91.44999694824219,90.41999816894531,90.94999694824219,82.21855163574219,1161900
2017-11-20,91.37000274658203,92.69000244140625,91.26000213623047,92.33000183105469,83.466064453125,500300
2017-11-21,92.58999633789062,93.43000030517578,92.37000274658203,92.44999694824219,83.57454681396484,1040200
2017-11-22,92.5999984741211,92.5999984741211,91.20999908447266,91.83000183105469,83.01407623291016,508600
2017-11-24,92.04000091552734,92.5999984741211,91.98999786376953,92.36000061035156,83.4931869506836,235000
2017-11-27,92.61000061035156,93.23999786376953,92.31999969482422,92.87999725341797,83.96324157714844,519000
2017-11-28,93.12999725341797,94.62999725341797,93.0999984741211,94.52999877929688,85.4548568725586,909100
2017-11-29,94.38999938964844,94.95999908447266,94.0,94.16999816894531,85.12942504882812,793100
2017-11-30,94.30000305175781,94.66000366210938,93.81999969482422,94.11000061035156,85.07518768310547,854400
2017-12-01,94.0,94.18000030517578,92.11000061035156,93.02999877929688,84.0988540649414,1004400
2017-12-04,93.44000244140625,94.0,93.13999938964844,93.62999725341797,84.6412582397461,1308700
2017-12-05,93.12000274658203,93.79000091552734,90.51000213623047,90.66000366210938,81.9563980102539,1428500
2017-12-06,90.44999694824219,91.87999725341797,90.25,91.29000091552734,82.52590942382812,743700
2017-12-07,91.08999633789062,93.95999908447266,90.86000061035156,92.80000305175781,83.89094543457031,2148100
2017-12-08,93.47000122070312,93.7300033569336,92.16999816894531,92.5199966430664,83.63782501220703,1231900
2017-12-11,92.31999969482422,92.76000213623047,91.94000244140625,92.33000183105469,83.466064453125,1231300
2017-12-12,92.41999816894531,93.94999694824219,91.81999969482422,93.37000274658203,84.40623474121094,872800
2017-12-13,93.30999755859375,94.69000244140625,93.0,93.94000244140625,84.9214859008789,907200
2017-12-14,93.80000305175781,93.80000305175781,92.08000183105469,92.19999694824219,83.8124771118164,1052300
2017-12-15,92.62000274658203,93.87999725341797,92.2300033569336,93.1500015258789,84.67606353759766,1438900
2017-12-18,93.2699966430664,94.68000030517578,93.2699966430664,94.48999786376953,85.89414978027344,1566700
2017-12-19,94.69999694824219,95.30000305175781,93.26000213623047,93.27999877929688,84.79422760009766,1781300
2017-12-20,93.58999633789062,93.7699966430664,92.0,92.0999984741211,83.72159576416016,1041400
2017-12-21,92.18000030517578,92.72000122070312,91.36000061035156,91.62000274658203,83.28522491455078,814100
2017-12-22,91.62000274658203,91.62999725341797,90.63999938964844,90.76000213623047,82.50346374511719,559100
2017-12-26,90.81999969482422,91.06999969482422,90.33000183105469,90.66999816894531,82.42166900634766,609100
2017-12-27,90.6500015258789,90.91999816894531,90.01000213623047,90.80000305175781,82.53987121582031,555500
2017-12-28,90.95999908447266,91.44999694824219,89.91999816894531,90.56999969482422,82.33075714111328,1095700
2017-12-29,90.80000305175781,90.93000030517578,90.04000091552734,90.33999633789062,82.1216812133789,630600
2018-01-02,90.83999633789062,91.13999938964844,90.05000305175781,90.55000305175781,82.31258392333984,800400
2018-01-03,90.47000122070312,90.58000183105469,89.18000030517578,89.91000366210938,81.73080444335938,1591200
2018-01-04,89.88999938964844,91.62000274658203,89.88999938964844,90.66000366210938,82.41259765625,1295900
2018-01-05,91.20999908447266,91.9800033569336,90.69000244140625,91.87999725341797,83.52159118652344,679600
2018-01-08,91.68000030517578,92.8499984741211,91.5999984741211,92.81999969482422,84.3760986328125,727700
2018-01-09,93.0,93.4800033569336,91.93000030517578,92.12000274658203,83.7397689819336,814300
2018-01-10,91.95999908447266,92.70999908447266,91.72000122070312,92.37999725341797,83.97611999511719,537000
2018-01-11,92.33000183105469,93.62999725341797,92.13999938964844,93.55000305175781,85.03968811035156,811900
2018-01-12,94.9800033569336,97.18000030517578,94.6500015258789,96.56999969482422,87.78494262695312,1874900
2018-01-16,97.0999984741211,97.12000274658203,95.27999877929688,95.86000061035156,87.13953399658203,1192700
2018-01-17,96.44999694824219,97.69999694824219,96.3499984741211,97.27999877929688,88.43036651611328,708400
2018-01-18,97.41000366210938,97.6500015258789,96.83999633789062,97.5,88.63032531738281,1061300
2018-01-19,97.9800033569336,98.2699966430664,97.44999694824219,97.80000305175781,88.90306091308594,1069800
2018-01-22,98.22000122070312,98.2699966430664,97.0199966430664,97.33000183105469,88.47579956054688,976200
2018-01-23,97.33000183105469,97.33000183105469,96.37000274658203,96.76000213623047,87.95764923095703,808700
2018-01-24,97.1500015258789,97.26000213623047,95.76000213623047,95.83999633789062,87.12135314941406,837200
2018-01-25,96.73999786376953,98.19000244140625,96.37999725341797,97.68000030517578,88.79396057128906,1117500
2018-01-26,98.11000061035156,99.0,97.93000030517578,99.0,89.993896484375,976300
2018-01-29,99.11000061035156,100.80000305175781,99.01000213623047,99.18000030517578,90.15753173828125,986100
2018-01-30,98.87999725341797,99.93000030517578,98.33999633789062,99.80000305175781,90.7210922241211,906500
2018-01-31,99.86000061035156,100.26000213623047,98.86000061035156,99.45999908447266,90.41204071044922,887900
2018-02-01,99.48999786376953,99.9800033569336,97.68000030517578,99.12000274658203,90.10296630859375,1483400
2018-02-02,100.8499984741211,107.77999877929688,100.58000183105469,103.87000274658203,94.42086791992188,4455900
2018-02-05,103.55000305175781,106.0,101.05999755859375,101.05999755859375,91.8664779663086,3017100
2018-02-06,99.66000366210938,103.18000030517578,99.04000091552734,102.76000213623047,93.41184997558594,3183300
2018-02-07,102.77999877929688,104.16000366210938,102.33999633789062,102.62999725341797,93.29366302490234,2096200
2018-02-08,102.94999694824219,103.0,98.72000122070312,98.73999786376953,89.75753784179688,2042600
2018-02-09,99.51000213623047,100.31999969482422,96.94000244140625,99.12999725341797,90.112060546875,3309500
2018-02-12,99.81999969482422,102.01000213623047,99.63999938964844,101.30000305175781,92.08464050292969,1243500
2018-02-13,100.83999633789062,102.08999633789062,100.19999694824219,101.94000244140625,92.66642761230469,1024500
2018-02-14,101.62000274658203,105.22000122070312,101.30000305175781,105.0199966430664,95.46623229980469,1658500
2018-02-15,105.63999938964844,106.37000274658203,104.62000274658203,106.12999725341797,96.47526550292969,1694000
2018-02-16,105.83000183105469,107.08000183105469,105.01000213623047,105.91000366210938,96.27528381347656,1075500
2018-02-20,105.26000213623047,106.97000122070312,104.83999633789062,105.75,96.12984466552734,1420200
2018-02-21,106.0999984741211,106.6500015258789,104.97000122070312,104.98999786376953,95.43895721435547,1114700
2018-02-22,105.33000183105469,106.25,104.2699966430664,104.7300033569336,95.20262908935547,1131900
2018-02-23,105.43000030517578,107.11000061035156,105.2699966430664,106.7300033569336,97.02069091796875,1226600
2018-02-26,107.1500015258789,107.29000091552734,106.2699966430664,106.81999969482422,97.10250091552734,973400
2018-02-27,106.98999786376953,107.63999938964844,106.22000122070312,106.62000274658203,96.92068481445312,1206000
2018-02-28,106.72000122070312,107.77999877929688,106.1500015258789,106.1500015258789,96.49344635009766,1066000
2018-03-01,107.16999816894531,107.52999877929688,105.25,106.31999969482422,96.6479721069336,1335200
2018-03-02,105.66999816894531,106.61000061035156,105.30000305175781,106.29000091552734,96.62073516845703,818200
2018-03-05,106.08999633789062,107.94999694824219,105.58999633789062,107.2699966430664,97.51155853271484,957400
2018-03-06,107.58999633789062,108.75,107.31999969482422,108.37999725341797,98.52058410644531,955400
2018-03-07,107.56999969482422,109.18000030517578,107.56999969482422,108.83999633789062,98.93872833251953,899000
2018-03-08,109.19999694824219,109.2300033569336,107.37000274658203,108.47000122070312,98.60240936279297,888300
2018-03-09,108.5,109.48999786376953,108.2300033569336,109.08999633789062,99.1659927368164,1629100
2018-03-12,109.12000274658203,109.41999816894531,108.52999877929688,108.8499984741211,98.94783020019531,1327900
2018-03-13,109.23999786376953,110.29000091552734,108.63999938964844,109.22000122070312,99.28414916992188,1425900
2018-03-14,109.43000030517578,109.73999786376953,108.55000305175781,108.94999694824219,99.51250457763672,933500
2018-03-15,108.94999694824219,109.48999786376953,108.5199966430664,108.80000305175781,99.37550354003906,930100
2018-03-16,109.0,109.81999969482422,108.62000274658203,108.83000183105469,99.40290832519531,1290500
2018-03-19,108.31999969482422,109.04000091552734,107.72000122070312,108.75,99.32981872558594,1027900
2018-03-20,109.05000305175781,109.83000183105469,108.7300033569336,109.38999938964844,99.91438293457031,1077100
2018-03-21,109.02999877929688,109.79000091552734,108.8499984741211,109.08999633789062,99.640380859375,1070300
2018-03-22,108.30999755859375,108.7699966430664,107.12999725341797,107.19999694824219,97.91407012939453,1031300
2018-03-23,107.52999877929688,107.80999755859375,104.27999877929688,104.27999877929688,95.24700927734375,975700
2018-03-26,105.58000183105469,106.4800033569336,104.94999694824219,105.79000091552734,96.62622833251953,1286400
2018-03-27,106.3499984741211,107.12000274658203,105.27999877929688,105.93000030517578,96.75411987304688,2009800
2018-03-28,105.66999816894531,106.37999725341797,103.91999816894531,103.95999908447266,94.95475769042969,867900
2018-03-29,104.48999786376953,105.8499984741211,104.05999755859375,105.30000305175781,96.1786880493164,920500
2018-04-02,105.01000213623047,105.72000122070312,103.18000030517578,104.5199966430664,95.46623992919922,1445100
2018-04-03,105.2699966430664,106.41999816894531,104.4000015258789,104.93000030517578,95.84071350097656,1325200
2018-04-04,103.77999877929688,106.41999816894531,103.68000030517578,106.06999969482422,96.88197326660156,1603100
2018-04-05,106.93000030517578,107.69000244140625,106.12000274658203,106.69000244140625,97.4482650756836,1409500
2018-04-06,105.7699966430664,106.45999908447266,103.69999694824219,103.9800033569336,94.97303771972656,1080400
2018-04-09,104.70999908447266,105.7699966430664,104.55000305175781,104.70999908447266,95.6397705078125,1018400
2018-04-10,106.01000213623047,107.80000305175781,105.7699966430664,107.55000305175781,98.23377227783203,1073400
2018-04-11,106.94999694824219,108.2699966430664,106.41999816894531,107.62999725341797,98.30683898925781,773900
2018-04-12,108.23999786376953,108.94999694824219,107.68000030517578,108.33000183105469,98.94618225097656,729800
2018-04-13,108.37999725341797,108.58000183105469,107.29000091552734,107.69000244140625,98.36166381835938,548900
2018-04-16,107.94999694824219,109.45999908447266,106.91000366210938,108.91999816894531,99.4850845336914,743500
2018-04-17,109.25,110.93000030517578,108.98999786376953,110.6500015258789,101.06523132324219,798600
2018-04-18,110.83999633789062,111.91000366210938,110.38999938964844,111.41999816894531,101.76854705810547,721100
2018-04-19,110.86000061035156,111.4000015258789,110.54000091552734,110.70999908447266,101.12004852294922,832300
2018-04-20,111.05999755859375,111.45999908447266,110.1500015258789,110.56999969482422,100.99217224121094,719200
2018-04-23,110.8499984741211,111.68000030517578,109.6500015258789,109.81999969482422,100.30714416503906,762800
2018-04-24,109.97000122070312,111.29000091552734,108.91999816894531,109.63999938964844,100.14275360107422,1096300
2018-04-25,109.25,109.62000274658203,108.43000030517578,109.41999816894531,99.9417953491211,819000
2018-04-26,109.58999633789062,110.33999633789062,109.18000030517578,109.83000183105469,100.31626892089844,548100
2018-04-27,109.8499984741211,110.25,109.13999938964844,110.1500015258789,100.60856628417969,921800
2018-04-30,110.4000015258789,110.94000244140625,109.45999908447266,109.83000183105469,100.31626892089844,899800
2018-05-01,109.83000183105469,109.87999725341797,106.83999633789062,108.4800033569336,99.08322143554688,1209600
2018-05-02,108.69999694824219,109.0999984741211,107.47000122070312,107.62999725341797,98.30683898925781,959700
2018-05-03,107.5199966430664,107.95999908447266,105.5,107.69000244140625,98.36166381835938,1843200
2018-05-04,107.95999908447266,109.1500015258789,105.05999755859375,108.02999877929688,98.67221069335938,2377700
2018-05-07,108.52999877929688,108.55999755859375,106.6500015258789,107.30999755859375,98.01456451416016,1615200
2018-05-08,107.30000305175781,108.4800033569336,106.88999938964844,107.83999633789062,98.4986572265625,1137000
2018-05-09,107.88999938964844,108.20999908447266,105.41000366210938,105.77999877929688,96.61711120605469,1866700
2018-05-10,106.31999969482422,108.91999816894531,106.25,108.75,99.32981872558594,1517800
2018-05-11,108.58999633789062,108.66999816894531,107.5,108.37000274658203,98.98274993896484,1065500
2018-05-14,108.43000030517578,109.33999633789062,107.11000061035156,107.37999725341797,98.07848358154297,1239300
2018-05-15,107.0199966430664,108.05999755859375,106.7699966430664,107.9800033569336,98.62652587890625,1145600
2018-05-16,107.91999816894531,108.3499984741211,107.16999816894531,107.30000305175781,98.00543975830078,968300
2018-05-17,106.6500015258789,107.0,106.11000061035156,106.25,97.04639434814453,1122000
2018-05-18,106.12000274658203,106.97000122070312,105.88999938964844,106.41000366210938,97.19254302978516,2433400
2018-05-21,107.11000061035156,108.4800033569336,106.81999969482422,108.37999725341797,98.99186706542969,1337600
2018-05-22,109.0,109.79000091552734,108.30999755859375,109.30999755859375,99.84132385253906,1964400
2018-05-23,108.62999725341797,110.8499984741211,108.37999725341797,110.83999633789062,101.23878479003906,1282700
2018-05-24,110.43000030517578,111.06999969482422,110.04000091552734,110.86000061035156,101.25707244873047,1345000
2018-05-25,111.0999984741211,111.5199966430664,110.13999938964844,110.56999969482422,100.99217224121094,907500
2018-05-29,110.05999755859375,110.43000030517578,109.0999984741211,109.68000030517578,100.17926025390625,1298000
2018-05-30,109.80000305175781,110.6500015258789,109.45999908447266,109.47000122070312,99.98747253417969,1063200
2018-05-31,109.9000015258789,109.9000015258789,107.22000122070312,107.33999633789062,98.0419692993164,3675800
2018-06-01,108.0199966430664,109.1500015258789,107.7300033569336,109.11000061035156,99.65863800048828,819300
2018-06-04,109.16000366210938,110.0199966430664,108.77999877929688,109.91000366210938,100.38935089111328,646400
2018-06-05,109.98999786376953,112.43000030517578,109.51000213623047,112.33999633789062,102.60884857177734,1342300
2018-06-06,112.29000091552734,113.5999984741211,111.52999877929688,113.58000183105469,103.74144744873047,1660700
2018-06-07,113.66000366210938,113.69000244140625,111.38999938964844,112.22000122070312,102.4992446899414,1378700
2018-06-08,112.2300033569336,112.91999816894531,111.23999786376953,112.30000305175781,102.57232666015625,789800
2018-06-11,112.22000122070312,112.9000015258789,112.01000213623047,112.51000213623047,102.76412963867188,732900
2018-06-12,112.9000015258789,113.36000061035156,112.13999938964844,113.27999877929688,103.46744537353516,695200
2018-06-13,113.62000274658203,114.45999908447266,113.05999755859375,113.62999725341797,103.7871322631836,702900
2018-06-14,113.33000183105469,114.44999694824219,113.33000183105469,113.9000015258789,104.51200103759766,822300
2018-06-15,113.68000030517578,114.69999694824219,112.81999969482422,114.5199966430664,105.08089447021484,1693800
2018-06-18,113.61000061035156,115.58000183105469,113.58999633789062,115.5,105.98011779785156,889200
2018-06-19,114.55000305175781,115.87999725341797,114.36000061035156,115.80000305175781,106.25540924072266,1051300
2018-06-20,115.94000244140625,116.68000030517578,115.2699966430664,115.97000122070312,106.41138458251953,729800
2018-06-21,116.63999938964844,117.62000274658203,116.0199966430664,117.05000305175781,107.4023666381836,850000
2018-06-22,117.23999786376953,118.37000274658203,117.11000061035156,117.70999908447266,108.00794982910156,1704000
2018-06-25,117.62000274658203,117.87999725341797,115.41000366210938,116.05000305175781,106.48479461669922,1072300
2018-06-26,115.9800033569336,116.4000015258789,115.44000244140625,115.4800033569336,105.9617691040039,1155800
2018-06-27,115.77999877929688,116.02999877929688,114.93000030517578,115.41000366210938,105.89755249023438,1125400
2018-06-28,115.0,117.36000061035156,114.86000061035156,117.11000061035156,107.45742797851562,976700
2018-06-29,117.44999694824219,117.8499984741211,116.27999877929688,116.37000274658203,106.77843475341797,1345900
2018-07-02,115.87000274658203,116.55000305175781,114.94999694824219,116.51000213623047,106.90686798095703,871800
2018-07-03,116.97000122070312,117.66999816894531,115.75,115.9000015258789,106.34715270996094,648800
2018-07-05,116.5,117.6500015258789,115.91999816894531,117.4800033569336,107.79692840576172,1019000
2018-07-06,117.33000183105469,118.77999877929688,117.13999938964844,118.41000366210938,108.65027618408203,818700
2018-07-09,118.7300033569336,118.77999877929688,117.11000061035156,118.30000305175781,108.54933166503906,934800
2018-07-10,119.26000213623047,119.6500015258789,118.19000244140625,118.63999938964844,108.8613052368164,1047300
2018-07-11,119.1500015258789,121.30000305175781,118.41000366210938,120.31999969482422,110.40284729003906,2776800
2018-07-12,120.73999786376953,120.94000244140625,120.3499984741211,120.7699966430664,110.81576538085938,812500
2018-07-13,120.7699966430664,121.69000244140625,120.12999725341797,120.7699966430664,110.81576538085938,587700
2018-07-16,121.13999938964844,121.4800033569336,120.41999816894531,121.3499984741211,111.34796142578125,801200
2018-07-17,121.12000274658203,122.56999969482422,120.81999969482422,122.44999694824219,112.3572769165039,985500
2018-07-18,122.43000030517578,123.30999755859375,121.45999908447266,123.19000244140625,113.03628540039062,919700
2018-07-19,122.58000183105469,123.01000213623047,121.98999786376953,122.18000030517578,112.10953521728516,738500
2018-07-20,122.0999984741211,122.41000366210938,121.37000274658203,121.68000030517578,111.65074157714844,686800
2018-07-23,121.80999755859375,122.05999755859375,121.12000274658203,122.0199966430664,111.96271514892578,589200
2018-07-24,122.0,122.37999725341797,120.75,121.47000122070312,111.45805358886719,974000
2018-07-25,121.18000030517578,124.13999938964844,121.18000030517578,124.05000305175781,113.8254165649414,1026100
2018-07-26,123.9000015258789,125.30999755859375,123.80000305175781,125.1500015258789,114.83472442626953,801000
2018-07-27,124.83999633789062,125.0199966430664,123.18000030517578,123.44999694824219,113.27484893798828,1378100
2018-07-30,122.94000244140625,123.45999908447266,120.1500015258789,120.4800033569336,110.54966735839844,898500
2018-07-31,120.86000061035156,121.66999816894531,120.30999755859375,121.30000305175781,111.30208587646484,926000
2018-08-01,121.19999694824219,122.16000366210938,120.04000091552734,120.9000015258789,110.93505096435547,1062000
2018-08-02,120.29000091552734,121.94999694824219,120.12999725341797,121.5199966430664,111.5039291381836,1233300
2018-08-03,116.25,119.88999938964844,116.0,117.66999816894531,107.97126770019531,2021700
2018-08-06,117.3499984741211,119.47000122070312,117.3499984741211,119.22000122070312,109.39350891113281,1377200
2018-08-07,120.0,121.54000091552734,119.76000213623047,121.0,111.02678680419922,1029700
2018-08-08,121.55999755859375,121.58000183105469,119.37999725341797,119.81999969482422,109.94405364990234,1020400
2018-08-09,119.44000244140625,121.94000244140625,119.23999786376953,121.44999694824219,111.43970489501953,1144800
2018-08-10,121.1500015258789,122.02999877929688,120.79000091552734,121.01000213623047,111.03597259521484,555700
2018-08-13,121.37999725341797,122.58000183105469,120.66999816894531,121.3499984741211,111.34796142578125,754400
2018-08-14,121.5,121.72000122070312,120.62999725341797,121.0,111.02678680419922,942000
2018-08-15,120.55000305175781,121.0999984741211,119.29000091552734,120.27999877929688,110.36612701416016,780200
2018-08-16,120.83999633789062,121.7699966430664,120.83999633789062,121.30999755859375,111.31123352050781,788400
2018-08-17,121.31999969482422,123.68000030517578,121.01000213623047,122.98999786376953,112.85277557373047,896800
2018-08-20,124.0999984741211,125.68000030517578,124.0999984741211,124.98999786376953,114.68791198730469,979700
2018-08-21,124.91999816894531,125.77999877929688,124.31999969482422,124.48999786376953,114.22914123535156,455500
2018-08-22,124.51000213623047,124.76000213623047,123.91999816894531,124.41000366210938,114.15575408935547,638700
2018-08-23,124.48999786376953,125.26000213623047,124.41000366210938,125.08999633789062,114.77969360351562,533200
2018-08-24,125.5999984741211,126.98999786376953,125.0199966430664,126.6500015258789,116.21110534667969,959700
2018-08-27,126.8499984741211,127.55999755859375,126.11000061035156,127.25,116.76165771484375,972700
2018-08-28,127.58999633789062,128.47999572753906,127.36000061035156,127.83000183105469,117.29385375976562,910900
2018-08-29,127.83000183105469,128.85000610351562,127.62000274658203,128.72000122070312,118.11048126220703,555300
2018-08-30,128.94000244140625,129.1999969482422,127.1500015258789,127.54000091552734,117.02775573730469,1086400
2018-08-31,126.9800033569336,128.55999755859375,126.76000213623047,128.36000061035156,117.7801513671875,984000
2018-09-04,127.56999969482422,128.19000244140625,126.72000122070312,128.1699981689453,117.60579681396484,706100
2018-09-05,127.86000061035156,128.25,126.72000122070312,127.41999816894531,116.91763305664062,772500
2018-09-06,128.11000061035156,128.3800048828125,126.77999877929688,127.61000061035156,117.09198760986328,758700
2018-09-07,127.5999984741211,127.9800033569336,126.5,126.79000091552734,116.33956146240234,863800
2018-09-10,127.47000122070312,127.69000244140625,126.69000244140625,127.12999725341797,116.65152740478516,678000
2018-09-11,127.12999725341797,127.86000061035156,126.79000091552734,127.44000244140625,116.93600463867188,632300
2018-09-12,126.94000244140625,127.33000183105469,125.30999755859375,125.98999786376953,115.60550689697266,859900
2018-09-13,125.80000305175781,126.8499984741211,125.80000305175781,126.13999938964844,116.22282409667969,672500
2018-09-14,127.56999969482422,127.61000061035156,126.1500015258789,126.76000213623047,116.79408264160156,819800
2018-09-17,127.12000274658203,127.12000274658203,125.66999816894531,126.48999786376953,116.54530334472656,987000
2018-09-18,126.12999725341797,128.38999938964844,126.12999725341797,126.61000061035156,116.65587615966797,888000
2018-09-19,126.5,126.77999877929688,123.91999816894531,124.52999877929688,114.73938751220703,644500
2018-09-20,124.9000015258789,126.12999725341797,124.27999877929688,126.08999633789062,116.1767578125,620500
2018-09-21,126.08999633789062,128.58999633789062,125.98999786376953,128.41000366210938,118.31436157226562,2252000
2018-09-24,127.69999694824219,129.44000244140625,126.68000030517578,128.9600067138672,118.82113647460938,1363400
2018-09-25,129.0,130.25999450683594,128.9499969482422,129.9199981689453,119.70562744140625,1271400
2018-09-26,130.0,130.32000732421875,128.52000427246094,128.74000549316406,118.6184310913086,1167300
2018-09-27,128.66000366210938,129.6300048828125,128.41000366210938,128.52999877929688,118.4249267578125,462900
2018-09-28,128.25,130.33999633789062,128.1199951171875,130.13999938964844,119.90834045410156,831900
2018-10-01,131.0,131.47999572753906,127.7699966430664,128.19000244140625,118.11166381835938,1167300
2018-10-02,127.86000061035156,128.64999389648438,126.0,126.87000274658203,116.89543914794922,1407200
2018-10-03,127.5199966430664,128.32000732421875,126.70999908447266,126.79000091552734,116.82173919677734,796100
2018-10-04,126.44999694824219,126.5,125.02999877929688,125.94000244140625,116.03856658935547,678000
2018-10-05,125.80999755859375,126.9800033569336,124.7699966430664,125.58999633789062,115.71605682373047,651300
2018-10-08,125.51000213623047,125.54000091552734,122.73999786376953,123.5,113.7903823852539,630800
2018-10-09,123.25,124.7300033569336,122.91000366210938,124.44999694824219,114.66568756103516,727400
2018-10-10,124.13999938964844,124.20999908447266,120.58000183105469,120.68000030517578,111.19210052490234,1001600
2018-10-11,120.31999969482422,121.1500015258789,117.79000091552734,117.94000244140625,108.66751098632812,1024200
2018-10-12,119.58999633789062,120.83000183105469,118.70999908447266,120.23999786376953,110.78669738769531,874700
2018-10-15,119.9800033569336,120.94000244140625,118.63999938964844,120.01000213623047,110.57477569580078,782000
2018-10-16,120.61000061035156,124.08999633789062,120.22000122070312,123.76000213623047,114.02996063232422,745000
2018-10-17,124.08999633789062,124.11000061035156,122.01000213623047,123.55999755859375,113.84565734863281,580200
2018-10-18,123.44999694824219,124.8499984741211,122.8499984741211,123.8499984741211,114.11286163330078,951900
2018-10-19,124.12999725341797,124.93000030517578,123.19999694824219,123.36000061035156,113.66140747070312,942100
2018-10-22,123.66999816894531,123.83999633789062,121.83000183105469,123.0199966430664,113.34811401367188,599600
2018-10-23,121.62999725341797,123.25,120.2300033569336,122.29000091552734,112.6755142211914,646400
2018-10-24,122.04000091552734,124.62000274658203,119.45999908447266,119.58000183105469,110.1785888671875,946100
2018-10-25,120.11000061035156,122.58999633789062,119.97000122070312,121.62000274658203,112.05818939208984,804700
2018-10-26,120.25,121.31999969482422,118.43000030517578,119.68000030517578,110.27070617675781,799300
2018-10-29,120.94999694824219,121.9800033569336,115.62000274658203,117.05999755859375,107.85670471191406,1092400
2018-10-30,117.25,119.4800033569336,115.91999816894531,119.23999786376953,109.86531066894531,1093100
2018-10-31,120.70999908447266,123.83000183105469,120.1500015258789,122.55999755859375,112.92427062988281,1092200
2018-11-01,122.80000305175781,124.08999633789062,121.37000274658203,123.77999877929688,114.04837799072266,955700
2018-11-02,124.93000030517578,129.52000427246094,123.93000030517578,128.83999633789062,118.71057891845703,2171300
2018-11-05,128.2899932861328,128.6699981689453,121.16999816894531,124.02999877929688,114.27871704101562,1720900
2018-11-06,123.6500015258789,125.98999786376953,123.19000244140625,125.88999938964844,115.99248504638672,934100
2018-11-07,126.52999877929688,128.92999267578125,125.94999694824219,128.6699981689453,118.55390930175781,892000
2018-11-08,128.08999633789062,129.75,127.37999725341797,129.58999633789062,119.4015884399414,818500
2018-11-09,129.4199981689453,129.99000549316406,127.98999786376953,129.64999389648438,119.45686340332031,942600
2018-11-12,129.4499969482422,129.4499969482422,126.51000213623047,126.98999786376953,117.00599670410156,574600
2018-11-13,127.54000091552734,129.35000610351562,126.73999786376953,126.9000015258789,116.92308044433594,853000
2018-11-14,127.33000183105469,130.24000549316406,125.2300033569336,128.72999572753906,118.60917663574219,1054000
2018-11-15,128.63999938964844,130.10000610351562,127.3499984741211,129.38999938964844,119.21732330322266,948700
2018-11-16,128.80999755859375,130.49000549316406,128.3000030517578,130.02000427246094,119.79779052734375,815600
2018-11-19,129.55999755859375,129.9499969482422,126.05999755859375,126.29000091552734,116.36104583740234,723900
2018-11-20,123.80000305175781,126.22000122070312,123.25,123.56999969482422,113.85487365722656,1092300
2018-11-21,124.56999969482422,125.19999694824219,123.16999816894531,124.11000061035156,114.35242462158203,766900
2018-11-23,122.97000122070312,124.76000213623047,122.97000122070312,124.3499984741211,114.57354736328125,247600
2018-11-26,125.30000305175781,127.37000274658203,125.05999755859375,127.37000274658203,117.35611724853516,862900
2018-11-27,126.69000244140625,130.24000549316406,126.69000244140625,129.3000030517578,119.1343994140625,1267600
2018-11-28,129.69000244140625,132.10000610351562,129.00999450683594,132.07000732421875,121.68659973144531,986900
2018-11-29,131.75,133.08999633789062,131.27999877929688,132.5800018310547,122.15652465820312,770800
2018-11-30,132.17999267578125,132.9499969482422,130.44000244140625,131.25,120.93108367919922,1367100
2018-12-03,133.17999267578125,133.8300018310547,131.9600067138672,133.7899932861328,123.2713623046875,1082000
2018-12-04,133.5500030517578,133.97000122070312,129.85000610351562,130.0800018310547,119.85306549072266,1601900
2018-12-06,128.69000244140625,129.9199981689453,125.44000244140625,129.75999450683594,119.5582046508789,1258900
2018-12-07,129.44000244140625,129.6999969482422,126.3499984741211,127.52999877929688,117.50354766845703,1279800
2018-12-10,127.06999969482422,130.1999969482422,125.66000366210938,129.60000610351562,119.41081237792969,975100
2018-12-11,131.0500030517578,131.3300018310547,129.27000427246094,129.4600067138672,119.28180694580078,955100
2018-12-12,130.4199981689453,132.32000732421875,130.1999969482422,130.25,120.00968170166016,959500
2018-12-13,130.0,131.2100067138672,127.6500015258789,129.0500030517578,119.42668151855469,822000
2018-12-14,127.8499984741211,128.5,125.38999938964844,126.6500015258789,117.20563507080078,655200
2018-12-17,126.5999984741211,127.13999938964844,122.7300033569336,123.23999786376953,114.0499267578125,1040800
2018-12-18,123.61000061035156,124.33000183105469,120.41000366210938,121.88999938964844,112.80058288574219,1234300
2018-12-19,121.79000091552734,122.91999816894531,118.5999984741211,119.05000305175781,110.17237854003906,1022200
2018-12-20,118.7300033569336,119.62000274658203,113.7699966430664,115.5,106.88712310791016,1198200
2018-12-21,115.5,118.5199966430664,111.72000122070312,111.7300033569336,103.39823913574219,2606400
2018-12-24,110.93000030517578,112.33999633789062,108.97000122070312,108.97000122070312,100.84405517578125,788500
2018-12-26,109.51000213623047,112.30999755859375,108.25,112.16999816894531,103.80542755126953,1229900
2018-12-27,110.66999816894531,112.43000030517578,108.43000030517578,112.41000366210938,104.02752685546875,815900
2018-12-28,112.51000213623047,113.66999816894531,111.18000030517578,112.25,103.87945556640625,654100
2018-12-31,113.02999877929688,115.04000091552734,112.62999725341797,115.04000091552734,106.46138763427734,1051600
2019-01-02,113.9000015258789,115.87999725341797,113.62999725341797,114.77999877929688,106.2208023071289,1078600
2019-01-03,113.62999725341797,114.4000015258789,110.61000061035156,110.76000213623047,102.50056457519531,935400
2019-01-04,112.45999908447266,116.7699966430664,112.05999755859375,115.55999755859375,106.942626953125,920500
2019-01-07,115.5,116.80999755859375,114.66000366210938,116.0999984741211,107.44235229492188,1220600
2019-01-08,116.9000015258789,119.51000213623047,116.2699966430664,119.51000213623047,110.59809112548828,1430000
2019-01-09,119.3499984741211,120.06999969482422,116.12000274658203,116.16000366210938,107.49790954589844,1473100
2019-01-10,115.30000305175781,117.66000366210938,114.95999908447266,117.55999755859375,108.79350280761719,1041900
2019-01-11,116.9000015258789,117.76000213623047,115.91999816894531,116.0,107.34982299804688,1122100
2019-01-14,115.52999877929688,116.37000274658203,114.91999816894531,115.12000274658203,106.53544616699219,1187500
2019-01-15,115.05999755859375,116.1500015258789,114.44000244140625,115.7699966430664,107.136962890625,1189700
2019-01-16,115.7300033569336,116.9000015258789,114.5,114.55000305175781,106.0079574584961,1250600
2019-01-17,114.62999725341797,115.80999755859375,113.25,113.75,105.2676010131836,1137100
2019-01-18,114.23999786376953,116.18000030517578,114.0999984741211,115.5999984741211,106.97966003417969,1239800
2019-01-22,115.2300033569336,115.86000061035156,113.91999816894531,114.47000122070312,105.93390655517578,1167600
2019-01-23,115.22000122070312,115.5999984741211,113.91000366210938,114.45999908447266,105.92465209960938,742800
2019-01-24,114.7699966430664,115.16999816894531,113.7300033569336,114.79000091552734,106.23006439208984,711800
2019-01-25,115.83999633789062,116.80999755859375,115.5,116.18000030517578,107.51640319824219,744200
2019-01-28,114.8499984741211,115.2699966430664,113.69999694824219,115.2300033569336,106.63725280761719,595500
2019-01-29,115.16999816894531,116.12000274658203,114.54000091552734,115.72000122070312,107.09070587158203,855700
2019-01-30,115.56999969482422,117.18000030517578,115.54000091552734,116.80999755859375,108.09941101074219,930400
2019-01-31,116.63999938964844,117.66999816894531,116.44999694824219,116.91000366210938,108.19195556640625,981000
2019-02-01,117.41000366210938,119.19000244140625,116.86000061035156,118.37000274658203,109.5430908203125,1184000
2019-02-04,118.25,120.25,117.87000274658203,120.05000305175781,111.09780883789062,1599800
2019-02-05,120.08000183105469,120.33999633789062,118.86000061035156,119.37999725341797,110.47777557373047,942900
2019-02-06,119.37000274658203,120.66999816894531,119.26000213623047,120.43000030517578,111.449462890625,907500
2019-02-07,119.79000091552734,119.80999755859375,117.79000091552734,118.62000274658203,109.77445220947266,1031400
2019-02-08,129.94000244140625,136.77999877929688,128.8000030517578,135.3699951171875,125.27538299560547,4429300
2019-02-11,135.3800048828125,136.5399932861328,134.0399932861328,134.17999267578125,124.17412567138672,1903100
2019-02-12,134.2899932861328,138.32000732421875,134.2899932861328,137.22000122070312,126.9874496459961,1823400
2019-02-13,137.4499969482422,137.9199981689453,136.3699951171875,137.63999938964844,127.37613677978516,1178000
2019-02-14,137.63999938964844,137.97999572753906,136.49000549316406,137.19000244140625,126.95968627929688,956300
2019-02-15,138.33999633789062,138.9199981689453,137.5399932861328,138.6300048828125,128.29229736328125,1077200
2019-02-19,137.9600067138672,139.49000549316406,137.94000244140625,138.91000366210938,128.55140686035156,773900
2019-02-20,139.1699981689453,139.91000366210938,138.52999877929688,139.2100067138672,128.8290557861328,1067800
2019-02-21,139.3800048828125,139.64999389648438,138.11000061035156,138.38999938964844,128.0701904296875,981300
2019-02-22,138.88999938964844,140.05999755859375,138.58999633789062,139.97999572753906,129.54161071777344,942700
2019-02-25,140.5500030517578,141.47000122070312,140.0500030517578,141.2100067138672,130.6798858642578,742400
2019-02-26,141.1699981689453,142.17999267578125,141.1699981689453,141.63999938964844,131.07781982421875,1130100
2019-02-27,141.3800048828125,143.02000427246094,141.3800048828125,142.99000549316406,132.32713317871094,757100
2019-02-28,143.19000244140625,144.30999755859375,142.72000122070312,143.1199951171875,132.4474639892578,1444100
2019-03-01,143.74000549316406,144.57000732421875,143.02999877929688,143.61000061035156,132.90090942382812,678400
2019-03-04,144.83999633789062,144.94000244140625,141.0399932861328,142.0,131.4109649658203,1087700
2019-03-05,141.97999572753906,142.42999267578125,141.0500030517578,141.60000610351562,131.04083251953125,808900
2019-03-06,141.6199951171875,141.77999877929688,139.83999633789062,140.27999877929688,129.81922912597656,690700
2019-03-07,140.52000427246094,140.63999938964844,138.69000244140625,139.49000549316406,129.08816528320312,886800
2019-03-08,137.91000366210938,138.94000244140625,135.97000122070312,138.85000610351562,128.49588012695312,708000
2019-03-11,138.24000549316406,141.97999572753906,138.24000549316406,141.4499969482422,130.9020233154297,1013700
2019-03-12,141.77000427246094,142.25999450683594,140.0399932861328,140.1999969482422,129.7451934814453,919800
2019-03-13,140.86000061035156,141.85000610351562,139.92999267578125,141.00999450683594,130.4948272705078,809500
2019-03-14,141.0,141.0,139.57000732421875,140.08999633789062,130.16961669921875,1305800
2019-03-15,139.99000549316406,141.6199951171875,139.83999633789062,140.63999938964844,130.68064880371094,1092700
2019-03-18,140.55999755859375,141.14999389648438,139.32000732421875,140.5,130.55055236816406,721400
2019-03-19,141.22000122070312,141.22000122070312,139.97000122070312,140.4600067138672,130.513427734375,662500
2019-03-20,140.35000610351562,140.8000030517578,138.50999450683594,138.6999969482422,128.87802124023438,811600
2019-03-21,138.9600067138672,141.25,138.82000732421875,140.63999938964844,130.68064880371094,708200
2019-03-22,140.00999450683594,140.77999877929688,138.19000244140625,138.63999938964844,128.82225036621094,722800
2019-03-25,138.63999938964844,138.97000122070312,137.2100067138672,138.63999938964844,128.82225036621094,732800
2019-03-26,139.8699951171875,140.49000549316406,139.0,140.39999389648438,130.4576416015625,1088600
2019-03-27,140.39999389648438,141.4499969482422,138.7100067138672,139.3699951171875,129.5005645751953,922200
2019-03-28,139.47000122070312,140.5,138.6699981689453,139.19000244140625,129.3332977294922,858600
2019-03-29,139.85000610351562,140.61000061035156,139.35000610351562,140.4199981689453,130.47622680664062,897600
2019-04-01,141.50999450683594,142.4600067138672,140.19000244140625,141.32000732421875,131.3125,701100
2019-04-02,141.89999389648438,142.35000610351562,140.75999450683594,141.6699981689453,131.6377410888672,662700
2019-04-03,142.42999267578125,143.61000061035156,141.63999938964844,142.2899932861328,132.21377563476562,957400
2019-04-04,142.69000244140625,142.75,139.74000549316406,140.67999267578125,130.71783447265625,442600
2019-04-05,141.3300018310547,141.4499969482422,140.2899932861328,140.66000366210938,130.69924926757812,1030700
2019-04-08,140.64999389648438,140.91000366210938,139.49000549316406,140.6300048828125,130.6713409423828,578600
2019-04-09,140.52999877929688,141.5,139.7100067138672,140.77999877929688,130.81072998046875,756800
2019-04-10,141.0,142.75,140.89999389648438,142.6999969482422,132.59478759765625,646100
2019-04-11,143.22000122070312,143.52000427246094,142.13999938964844,143.0500030517578,132.91998291015625,905000
2019-04-12,143.47000122070312,143.6699981689453,142.17999267578125,143.22999572753906,133.0872802734375,732400
2019-04-15,143.02999877929688,143.6999969482422,142.44000244140625,143.57000732421875,133.40318298339844,461900
2019-04-16,143.8300018310547,144.91000366210938,143.4199981689453,144.80999755859375,134.5553741455078,714300
2019-04-17,145.0,145.75999450683594,143.4499969482422,143.6199951171875,133.44956970214844,539700
2019-04-18,144.13999938964844,144.7899932861328,143.22999572753906,143.36000061035156,133.20802307128906,601300
2019-04-22,143.11000061035156,144.6199951171875,142.50999450683594,144.1199951171875,133.9141845703125,663200
2019-04-23,144.24000549316406,146.41000366210938,143.89999389648438,146.07000732421875,135.7261505126953,897600
2019-04-24,145.7100067138672,147.58999633789062,145.7100067138672,146.99000549316406,136.5809783935547,1106600
2019-04-25,146.30999755859375,146.30999755859375,143.72000122070312,145.5399932861328,135.2336883544922,890300
2019-04-26,145.69000244140625,146.72999572753906,144.74000549316406,146.25999450683594,135.90269470214844,756300
2019-04-29,145.89999389648438,146.07000732421875,144.72000122070312,145.25999450683594,134.97349548339844,712600
2019-04-30,145.47999572753906,145.47999572753906,143.47999572753906,144.91000366210938,134.6482696533203,666100
2019-05-01,144.9600067138672,145.2100067138672,142.7100067138672,142.72999572753906,132.6226806640625,1056400
2019-05-02,142.5399932861328,143.27999877929688,141.1699981689453,142.35000610351562,132.26953125,1018000
2019-05-03,143.2100067138672,148.42999267578125,140.64999389648438,143.6199951171875,133.44956970214844,1564000
2019-05-06,141.3699951171875,142.66000366210938,139.2100067138672,142.27999877929688,132.20452880859375,1011700
2019-05-07,140.83999633789062,141.99000549316406,140.5399932861328,141.75,131.71205139160156,1026100
2019-05-08,141.72999572753906,143.97999572753906,141.1999969482422,143.0500030517578,132.91998291015625,809600
2019-05-09,141.94000244140625,145.36000061035156,141.2100067138672,145.22999572753906,134.9456024169922,1375600
2019-05-10,144.52000427246094,148.5,144.44000244140625,148.42999267578125,137.91897583007812,1468500
2019-05-13,145.22999572753906,145.69000244140625,142.57000732421875,143.22999572753906,133.0872802734375,1199500
2019-05-14,143.75,145.1999969482422,143.47000122070312,144.6300048828125,134.38809204101562,1045300
2019-05-15,143.8300018310547,145.2899932861328,143.0800018310547,145.17999267578125,134.89913940429688,795800
2019-05-16,145.8699951171875,148.97999572753906,145.60000610351562,148.38999938964844,137.88182067871094,847900
2019-05-17,146.97000122070312,148.41000366210938,146.63999938964844,146.9499969482422,136.54380798339844,1623200
2019-05-20,146.44000244140625,147.11000061035156,145.19000244140625,146.89999389648438,136.49732971191406,1098200
2019-05-21,147.61000061035156,149.64999389648438,147.61000061035156,148.72999572753906,138.19775390625,989600
2019-05-22,148.02999877929688,152.99000549316406,148.02999877929688,152.6300048828125,141.82162475585938,1310800
2019-05-23,151.3800048828125,153.58999633789062,150.05999755859375,150.47999572753906,139.82382202148438,1807900
2019-05-24,151.32000732421875,151.66000366210938,149.27000427246094,150.6300048828125,139.96322631835938,736300
2019-05-28,150.86000061035156,152.22999572753906,149.19000244140625,150.41000366210938,139.75875854492188,1271600
2019-05-29,149.77999877929688,150.8000030517578,148.57000732421875,149.27000427246094,138.6995391845703,659800
2019-05-30,149.41000366210938,151.97000122070312,149.41000366210938,151.2899932861328,140.5764923095703,867300
2019-05-31,149.7899932861328,150.6999969482422,148.5500030517578,149.9499969482422,139.33139038085938,808500
2019-06-03,150.02999877929688,152.1699981689453,149.91000366210938,152.08999633789062,141.31982421875,1351400
2019-06-04,152.85000610351562,157.05999755859375,152.75,156.94000244140625,145.8263397216797,1536600
2019-06-05,157.9199981689453,161.30999755859375,157.7100067138672,160.6300048828125,149.2550506591797,1447800
2019-06-06,160.64999389648438,161.35000610351562,158.9199981689453,160.97999572753906,149.58029174804688,863900
2019-06-07,161.60000610351562,163.77999877929688,160.97999572753906,163.5800018310547,151.99615478515625,637200
2019-06-10,163.58999633789062,164.27000427246094,161.17999267578125,161.50999450683594,150.07273864746094,1019500
2019-06-11,162.22000122070312,162.83999633789062,160.0500030517578,160.55999755859375,149.1900177001953,830900
2019-06-12,160.9199981689453,161.52999877929688,160.0,161.30999755859375,149.88687133789062,911900
2019-06-13,161.97999572753906,162.4600067138672,159.1999969482422,159.9499969482422,149.15025329589844,764000
2019-06-14,160.0,161.0500030517578,158.77000427246094,160.35000610351562,149.5232696533203,900900
2019-06-17,161.07000732421875,163.99000549316406,160.5399932861328,163.83999633789062,152.77760314941406,1164000
2019-06-18,164.16000366210938,166.0399932861328,163.55999755859375,165.08999633789062,153.94317626953125,1186600
2019-06-19,165.25,166.85000610351562,164.02999877929688,166.5399932861328,155.29530334472656,1052300
2019-06-20,168.27000427246094,169.3000030517578,165.6300048828125,166.86000061035156,155.59368896484375,1332700
2019-06-21,167.16000366210938,167.47999572753906,165.0,165.08999633789062,153.94317626953125,1615400
2019-06-24,165.38999938964844,167.3699951171875,164.3300018310547,165.61000061035156,154.42811584472656,765100
2019-06-25,165.88999938964844,166.80999755859375,164.07000732421875,164.19000244140625,153.10394287109375,958000
2019-06-26,165.25,166.97000122070312,164.74000549316406,164.8800048828125,153.7473907470703,1071800
2019-06-27,165.38999938964844,165.99000549316406,163.58999633789062,164.60000610351562,153.48631286621094,706800
2019-06-28,164.99000549316406,166.9499969482422,163.42999267578125,166.72999572753906,155.47244262695312,2931200
2019-07-01,168.00999450683594,168.8000030517578,164.4600067138672,166.88999938964844,155.6216583251953,959300
2019-07-02,166.88999938964844,168.9600067138672,166.13999938964844,168.30999755859375,156.94578552246094,1227100
2019-07-03,168.1699981689453,170.6300048828125,168.1699981689453,170.3699951171875,158.86668395996094,425800
2019-07-05,170.17999267578125,170.67999267578125,168.25,170.64999389648438,159.12777709960938,599700
2019-07-08,169.60000610351562,169.8000030517578,168.30999755859375,169.05999755859375,157.64515686035156,580500
2019-07-09,168.92999267578125,170.50999450683594,167.67999267578125,170.35000610351562,158.84805297851562,926200
2019-07-10,171.0,172.32000732421875,170.27000427246094,170.72999572753906,159.20237731933594,885700
2019-07-11,170.99000549316406,171.0800018310547,168.75,171.07000732421875,159.51943969726562,765600
2019-07-12,171.36000061035156,172.35000610351562,170.8000030517578,172.27999877929688,160.64772033691406,510000
2019-07-15,172.27999877929688,173.19000244140625,171.5399932861328,172.8000030517578,161.1326141357422,655100
2019-07-16,173.1300048828125,173.44000244140625,171.02000427246094,171.52999877929688,159.9483642578125,624900
2019-07-17,170.0,171.08999633789062,169.14999389648438,170.16000366210938,158.6708526611328,519400
2019-07-18,170.38999938964844,171.5800018310547,169.5,171.52000427246094,159.93907165527344,541900
2019-07-19,172.64999389648438,172.64999389648438,168.80999755859375,168.91000366210938,157.50527954101562,733700
2019-07-22,169.52000427246094,171.07000732421875,169.11000061035156,169.97999572753906,158.50302124023438,452900
2019-07-23,170.6999969482422,170.83999633789062,168.5,170.8000030517578,159.26768493652344,485100
2019-07-24,170.57000732421875,170.57000732421875,167.42999267578125,167.58999633789062,156.27438354492188,1000300
2019-07-25,167.64999389648438,169.3300018310547,166.85000610351562,168.92999267578125,157.52391052246094,642000
2019-07-26,169.60000610351562,170.33999633789062,168.7899932861328,170.10000610351562,158.61492919921875,542700
2019-07-29,170.8000030517578,170.8000030517578,168.27999877929688,168.77000427246094,157.37474060058594,790900
2019-07-30,168.1699981689453,169.36000061035156,165.97000122070312,166.0,154.79176330566406,1011600
2019-07-31,166.3000030517578,167.8000030517578,165.0800018310547,165.9600067138672,154.75442504882812,1036200
2019-08-01,165.99000549316406,167.9199981689453,164.3800048828125,164.75999450683594,153.63546752929688,1506600
2019-08-02,163.47000122070312,172.2899932861328,160.80999755859375,170.0800018310547,158.59629821777344,1732400
2019-08-05,167.50999450683594,169.0500030517578,166.1199951171875,168.72999572753906,157.33741760253906,1459100
2019-08-06,169.27000427246094,172.17999267578125,169.27000427246094,171.5800018310547,159.9949951171875,900100
2019-08-07,170.7899932861328,174.3699951171875,169.47000122070312,174.0,162.2516326904297,1186300
2019-08-08,175.2899932861328,179.13999938964844,175.0,179.05999755859375,166.96994018554688,950900
2019-08-09,178.6699981689453,178.72999572753906,175.77999877929688,176.3000030517578,164.39630126953125,703500
2019-08-12,175.47000122070312,176.80999755859375,174.14999389648438,175.5399932861328,163.68760681152344,975500
2019-08-13,175.3000030517578,177.27000427246094,175.2100067138672,176.0500030517578,164.16319274902344,818700
2019-08-14,173.77000427246094,174.91000366210938,170.94000244140625,171.02999877929688,159.4821319580078,1140800
2019-08-15,171.25999450683594,173.22999572753906,170.1699981689453,172.05999755859375,160.44261169433594,672800
2019-08-16,173.0,174.74000549316406,172.3300018310547,173.32000732421875,161.61752319335938,937300
2019-08-19,175.30999755859375,177.5,174.19000244140625,176.8699951171875,164.92779541015625,640600
2019-08-20,176.52999877929688,177.2100067138672,175.02000427246094,175.38999938964844,163.54776000976562,440300
2019-08-21,177.25,179.24000549316406,176.60000610351562,179.1999969482422,167.10047912597656,769300
2019-08-22,179.1999969482422,179.5399932861328,177.92999267578125,178.72999572753906,166.66224670410156,856300
2019-08-23,178.0,178.97000122070312,174.75999450683594,175.27000427246094,163.4358673095703,875500
2019-08-26,176.3800048828125,178.39999389648438,176.3800048828125,178.35000610351562,166.30789184570312,723500
2019-08-27,178.58999633789062,179.6999969482422,177.1999969482422,178.50999450683594,166.45706176757812,1096100
2019-08-28,177.75,178.30999755859375,176.27999877929688,178.24000549316406,166.205322265625,554300
2019-08-29,179.7899932861328,181.8300018310547,179.52000427246094,181.16000366210938,168.92816162109375,560200
2019-08-30,182.22999572753906,182.27999877929688,180.02999877929688,180.91000366210938,168.69503784179688,690300
2019-09-03,180.00999450683594,180.66000366210938,178.14999389648438,178.60000610351562,166.54100036621094,841200
2019-09-04,179.72999572753906,180.05999755859375,178.08999633789062,178.9199981689453,166.83938598632812,721900
2019-09-05,176.49000549316406,176.72999572753906,172.14999389648438,173.57000732421875,161.8506317138672,3141500
2019-09-06,174.27999877929688,175.72999572753906,173.47999572753906,174.8000030517578,162.99758911132812,2589900
2019-09-09,175.14999389648438,175.30999755859375,171.32000732421875,171.6699981689453,160.07891845703125,1080100
2019-09-10,170.6199951171875,170.6199951171875,163.10000610351562,164.42999267578125,153.32777404785156,2085700
2019-09-11,164.4199981689453,166.32000732421875,164.25999450683594,165.30999755859375,154.14834594726562,1486400
2019-09-12,165.9600067138672,167.2899932861328,164.47000122070312,166.13999938964844,155.4583282470703,1950200
2019-09-13,165.94000244140625,168.35000610351562,165.5500030517578,167.0399932861328,156.3004608154297,1092900
2019-09-16,166.22000122070312,167.08999633789062,165.64999389648438,166.02999877929688,155.35540771484375,1167700
2019-09-17,166.55999755859375,169.19000244140625,166.47000122070312,168.83999633789062,157.9847412109375,1296500
2019-09-18,168.9499969482422,169.4199981689453,166.6999969482422,168.47000122070312,157.6385040283203,960200
2019-09-19,168.6199951171875,169.55999755859375,167.0500030517578,167.4199981689453,156.65603637695312,760900
2019-09-20,167.83999633789062,169.17999267578125,166.1999969482422,166.2100067138672,155.5238037109375,1397700
2019-09-23,166.25999450683594,169.42999267578125,166.25999450683594,168.47000122070312,157.6385040283203,1190000
2019-09-24,169.86000061035156,172.6699981689453,168.85000610351562,169.22999572753906,158.3496551513672,1223200
2019-09-25,169.02999877929688,172.02000427246094,168.00999450683594,171.6199951171875,160.5859832763672,730000
2019-09-26,171.5,172.75,170.9600067138672,172.3699951171875,161.28778076171875,766900
2019-09-27,172.72000122070312,172.72000122070312,169.52999877929688,170.19000244140625,159.24795532226562,618600
2019-09-30,170.13999938964844,171.2899932861328,169.72000122070312,170.41000366210938,159.45382690429688,937000
2019-10-01,170.42999267578125,170.8300018310547,165.22999572753906,165.44000244140625,154.80335998535156,1349000
2019-10-02,164.75,164.75,162.44000244140625,164.42999267578125,153.85829162597656,1665100
2019-10-03,163.75999450683594,165.02000427246094,162.27000427246094,164.67999267578125,154.09219360351562,1100400
2019-10-04,165.3699951171875,168.27999877929688,164.47000122070312,168.2100067138672,157.395263671875,950000
2019-10-07,168.0,168.42999267578125,166.72000122070312,167.7899932861328,157.00225830078125,803500
2019-10-08,168.83999633789062,173.24000549316406,167.52000427246094,170.75,159.77197265625,1877600
2019-10-09,171.47999572753906,172.4499969482422,170.2100067138672,171.10000610351562,160.09942626953125,963200
2019-10-10,170.38999938964844,170.75,168.72999572753906,170.00999450683594,159.07952880859375,709400
2019-10-11,172.0500030517578,172.38999938964844,167.52999877929688,167.52999877929688,156.7589569091797,1291900
2019-10-14,167.52000427246094,169.1199951171875,167.3300018310547,167.33999633789062,156.5811767578125,1064200
2019-10-15,167.63999938964844,170.61000061035156,167.5399932861328,169.7100067138672,158.79881286621094,674600
2019-10-16,170.49000549316406,172.8000030517578,169.0500030517578,172.75999450683594,161.65272521972656,1158800
2019-10-17,173.5500030517578,176.9499969482422,172.60000610351562,175.72000122070312,164.4224090576172,1150300
2019-10-18,176.3699951171875,176.52999877929688,173.38999938964844,175.0500030517578,163.7954864501953,786800
2019-10-21,175.63999938964844,176.27000427246094,174.24000549316406,176.00999450683594,164.69375610351562,810000
2019-10-22,176.00999450683594,176.42999267578125,168.94000244140625,169.0800018310547,158.2093048095703,897500
2019-10-23,169.24000549316406,169.52999877929688,168.02000427246094,169.08999633789062,158.21864318847656,1091200
2019-10-24,166.2100067138672,167.1999969482422,157.72000122070312,163.25,152.75413513183594,2840100
2019-10-25,163.38999938964844,164.72999572753906,162.0,163.41000366210938,152.90390014648438,937600
2019-10-28,164.77000427246094,164.77000427246094,161.97000122070312,162.82000732421875,152.351806640625,1055800
2019-10-29,162.0,164.7899932861328,162.0,164.75,154.15769958496094,852300
2019-10-30,164.85000610351562,165.8300018310547,164.00999450683594,165.36000061035156,154.72845458984375,1078800
2019-10-31,166.0,167.80999755859375,158.30999755859375,166.32000732421875,155.62673950195312,2650600
2019-11-01,167.0399932861328,168.49000549316406,166.36000061035156,167.55999755859375,156.7870635986328,960500
2019-11-04,168.25999450683594,168.4499969482422,160.2899932861328,160.58999633789062,150.26516723632812,1438000
2019-11-05,159.75,160.42999267578125,154.02000427246094,157.08999633789062,146.9901885986328,3000300
2019-11-06,157.08999633789062,159.1699981689453,156.3000030517578,158.60000610351562,148.40310668945312,1252900
2019-11-07,159.66000366210938,163.89999389648438,159.1999969482422,162.1999969482422,151.77163696289062,1563200
2019-11-08,161.97999572753906,165.07000732421875,161.63999938964844,164.9600067138672,154.3542022705078,1183600
2019-11-11,162.33999633789062,163.41000366210938,160.14999389648438,161.14999389648438,150.78916931152344,1187700
2019-11-12,160.99000549316406,161.33999633789062,159.50999450683594,161.1199951171875,150.76109313964844,1242100
2019-11-13,160.60000610351562,164.0800018310547,160.60000610351562,161.60000610351562,151.21022033691406,1133900
2019-11-14,160.6999969482422,163.10000610351562,160.17999267578125,161.74000549316406,151.34121704101562,652100
2019-11-15,162.17999267578125,162.3699951171875,160.44000244140625,162.0800018310547,151.6593780517578,909300
2019-11-18,162.0,163.44000244140625,161.47000122070312,162.9600067138672,152.48280334472656,923800
2019-11-19,163.99000549316406,166.5500030517578,163.25999450683594,166.0,155.3273468017578,925600
2019-11-20,166.07000732421875,168.24000549316406,164.64999389648438,166.36000061035156,155.66416931152344,1032700
2019-11-21,165.72999572753906,166.69000244140625,164.3300018310547,165.05999755859375,154.44776916503906,970600
2019-11-22,165.2899932861328,166.3699951171875,164.47999572753906,165.85000610351562,155.18698120117188,702500
2019-11-25,166.55999755859375,166.99000549316406,164.4499969482422,165.72000122070312,155.06533813476562,781800
2019-11-26,165.92999267578125,167.97999572753906,164.8000030517578,166.36000061035156,155.66416931152344,2948800
2019-11-27,166.86000061035156,167.8699951171875,166.0,167.39999389648438,156.63729858398438,778300
2019-11-29,166.6199951171875,167.94000244140625,166.25999450683594,167.3000030517578,156.5437774658203,434600
2019-12-02,166.7899932861328,167.10000610351562,162.3300018310547,165.0399932861328,154.42904663085938,860800
2019-12-03,164.27000427246094,165.89999389648438,162.94000244140625,164.86000061035156,154.2606201171875,998400
2019-12-04,165.5500030517578,166.50999450683594,164.83999633789062,165.13999938964844,154.5226287841797,1002700
2019-12-05,164.6699981689453,164.97999572753906,160.36000061035156,160.44000244140625,150.12478637695312,1697100
2019-12-06,160.5500030517578,161.75,159.77000427246094,160.7100067138672,150.37747192382812,1482400
2019-12-09,161.27999877929688,162.67999267578125,160.27000427246094,161.5,151.11666870117188,1127000
2019-12-10,161.4499969482422,162.0399932861328,160.41000366210938,160.9199981689453,150.57395935058594,1688700
2019-12-11,161.5,162.35000610351562,161.22999572753906,161.77999877929688,151.378662109375,2194300
2019-12-12,161.50999450683594,162.97000122070312,160.91000366210938,161.97000122070312,152.15838623046875,1885000
2019-12-13,161.10000610351562,162.60000610351562,159.8300018310547,160.5,150.7773895263672,1542300
2019-12-16,161.8800048828125,162.9600067138672,160.82000732421875,161.39999389648438,151.62286376953125,1413400
2019-12-17,162.0399932861328,164.39999389648438,160.85000610351562,160.97999572753906,151.2283477783203,1530900
2019-12-18,161.74000549316406,162.3699951171875,158.9600067138672,159.38999938964844,149.73464965820312,1665000
2019-12-19,159.35000610351562,161.92999267578125,158.77000427246094,161.11000061035156,151.35049438476562,2528000
2019-12-20,162.19000244140625,162.7100067138672,160.32000732421875,161.00999450683594,151.25653076171875,3443000
2019-12-23,162.44000244140625,162.8000030517578,161.5,162.1999969482422,152.37445068359375,1389200
2019-12-24,162.0500030517578,162.3699951171875,161.5,161.67999267578125,151.8859100341797,264200
2019-12-26,161.8699951171875,162.60000610351562,160.9499969482422,161.3800048828125,151.60414123535156,578000
2019-12-27,161.58999633789062,161.83999633789062,160.7899932861328,161.4499969482422,151.66986083984375,570800
2019-12-30,161.19000244140625,161.30999755859375,160.00999450683594,160.9600067138672,151.20953369140625,817500
2019-12-31,160.88999938964844,161.33999633789062,160.00999450683594,161.13999938964844,151.37867736816406,897200
2020-01-02,162.1699981689453,162.30999755859375,160.77000427246094,161.6300048828125,151.8389434814453,1356900
2020-01-03,160.02999877929688,164.5800018310547,159.3699951171875,164.3800048828125,154.42239379882812,962400
2020-01-06,163.92999267578125,167.02999877929688,163.11000061035156,166.9199981689453,156.8085174560547,1544400
2020-01-07,165.8800048828125,166.4499969482422,165.0,165.72000122070312,155.68121337890625,1131000
2020-01-08,165.89999389648438,166.89999389648438,165.0399932861328,165.88999938964844,155.84092712402344,1386800
2020-01-09,166.67999267578125,169.75,166.67999267578125,168.69000244140625,158.47129821777344,1281700
2020-01-10,168.8300018310547,168.8300018310547,166.72999572753906,167.3000030517578,157.16551208496094,675400
2020-01-13,167.92999267578125,171.3300018310547,167.1300048828125,170.8699951171875,160.5192413330078,1309000
2020-01-14,170.39999389648438,170.88999938964844,167.8300018310547,168.33999633789062,158.14248657226562,1020300
2020-01-15,168.4199981689453,171.8699951171875,168.2899932861328,170.5500030517578,160.21861267089844,909500
2020-01-16,171.61000061035156,173.1199951171875,170.36000061035156,172.86000061035156,162.388671875,918100
2020-01-17,173.92999267578125,176.52999877929688,172.00999450683594,176.1199951171875,165.45123291015625,1231500
2020-01-21,175.24000549316406,177.55999755859375,174.61000061035156,176.94000244140625,166.22154235839844,1384000
2020-01-22,178.11000061035156,178.4499969482422,177.10000610351562,177.74000549316406,166.9730682373047,717900
2020-01-23,178.1999969482422,178.39999389648438,176.3000030517578,177.0399932861328,166.31546020507812,685500
2020-01-24,177.91000366210938,179.75999450683594,177.5399932861328,179.66000366210938,168.7767791748047,669100
2020-01-27,176.92999267578125,178.33999633789062,176.00999450683594,178.0,167.21731567382812,695100
2020-01-28,178.69000244140625,180.3000030517578,178.05999755859375,179.07000732421875,168.22251892089844,809800
2020-01-29,179.4600067138672,180.2100067138672,178.77000427246094,179.4199981689453,168.55128479003906,447400
2020-01-30,177.44000244140625,180.22999572753906,177.44000244140625,180.07000732421875,169.16192626953125,592100
2020-01-31,179.22999572753906,179.5,176.5800018310547,177.0,166.2779083251953,828800
2020-02-03,177.66000366210938,178.1999969482422,175.9499969482422,176.02999877929688,165.3666229248047,718000
2020-02-04,177.13999938964844,179.5399932861328,176.72999572753906,178.32000732421875,167.51792907714844,810500
2020-02-05,178.85000610351562,179.49000549316406,176.5,176.69000244140625,165.9866943359375,1216800
2020-02-06,176.83999633789062,180.1300048828125,176.07000732421875,178.92999267578125,168.09097290039062,1087700
2020-02-07,180.14999389648438,185.89999389648438,178.86000061035156,179.4600067138672,168.58888244628906,1473200
2020-02-10,179.00999450683594,184.42999267578125,179.00999450683594,184.07000732421875,172.9196319580078,1107300
2020-02-11,185.83999633789062,186.97000122070312,184.3699951171875,184.4600067138672,173.28598022460938,1111400
2020-02-12,183.9499969482422,185.08999633789062,181.4499969482422,184.6699981689453,173.48324584960938,1176400
2020-02-13,184.0,185.33999633789062,183.2899932861328,184.1199951171875,172.96656799316406,666700
2020-02-14,183.6199951171875,184.47000122070312,182.61000061035156,184.41000366210938,173.23904418945312,882300
2020-02-18,184.3000030517578,185.57000732421875,183.66000366210938,184.8699951171875,173.67117309570312,746500
2020-02-19,185.32000732421875,186.97999572753906,184.85000610351562,186.1199951171875,174.84542846679688,786900
2020-02-20,186.02000427246094,187.49000549316406,183.02999877929688,185.60000610351562,174.35696411132812,902800
2020-02-21,185.11000061035156,185.82000732421875,183.75,185.27000427246094,174.0469207763672,965300
2020-02-24,181.8699951171875,185.16000366210938,180.80999755859375,181.8000030517578,170.78712463378906,830300
2020-02-25,182.33999633789062,183.49000549316406,178.0800018310547,178.11000061035156,167.3206787109375,1042700
2020-02-26,178.8699951171875,180.52999877929688,176.4499969482422,177.75,166.9824676513672,811600
2020-02-27,175.44000244140625,176.72999572753906,168.75,168.80999755859375,158.5840301513672,1305200
2020-02-28,164.88999938964844,166.50999450683594,159.75999450683594,165.67999267578125,155.64361572265625,2873300
2020-03-02,166.80999755859375,173.5500030517578,166.1699981689453,173.49000549316406,162.9805450439453,1510200
2020-03-03,174.27999877929688,178.60000610351562,171.6300048828125,174.99000549316406,164.3896484375,1466200
2020-03-04,177.27999877929688,182.42999267578125,176.6699981689453,182.41000366210938,171.36016845703125,1120500
2020-03-05,178.64999389648438,181.27999877929688,178.02000427246094,180.4499969482422,169.5189208984375,1288700
2020-03-06,175.94000244140625,176.9600067138672,172.39999389648438,175.9199981689453,165.26332092285156,1640600
2020-03-09,165.27999877929688,170.7899932861328,162.02999877929688,165.69000244140625,155.65304565429688,2003900
2020-03-10,169.72000122070312,170.77999877929688,162.9199981689453,170.72999572753906,160.3876953125,1825000
2020-03-11,166.72000122070312,167.3800048828125,159.4199981689453,161.2100067138672,151.44442749023438,1270200
2020-03-12,150.49000549316406,152.8699951171875,136.00999450683594,141.3699951171875,133.33558654785156,2452000
2020-03-13,149.7100067138672,154.99000549316406,144.22999572753906,154.9499969482422,146.14382934570312,2111000
2020-03-16,138.5800018310547,150.10000610351562,138.47000122070312,145.24000549316406,136.98568725585938,2416300
2020-03-17,148.38999938964844,157.0800018310547,144.17999267578125,149.3300018310547,140.8432159423828,1939600
2020-03-18,142.82000732421875,148.99000549316406,136.2899932861328,148.1999969482422,139.7774200439453,1413400
2020-03-19,147.94000244140625,154.80999755859375,145.9499969482422,149.72000122070312,141.2110595703125,1629100
2020-03-20,148.64999389648438,150.0800018310547,132.7899932861328,136.61000061035156,128.84609985351562,2639600
2020-03-23,135.82000732421875,136.4499969482422,120.7699966430664,124.55999755859375,117.48095703125,2023100
2020-03-24,129.11000061035156,136.60000610351562,127.44000244140625,130.80999755859375,123.375732421875,1993800
2020-03-25,130.47000122070312,135.67999267578125,129.50999450683594,133.66000366210938,126.06379699707031,2293900
2020-03-26,135.4199981689453,149.69000244140625,134.47999572753906,148.99000549316406,140.52252197265625,1618700
2020-03-27,144.91000366210938,145.7899932861328,133.5800018310547,135.07000732421875,127.3936767578125,1783000
2020-03-30,135.94000244140625,136.67999267578125,130.19000244140625,133.3699951171875,125.79022979736328,2067300
2020-03-31,133.0500030517578,134.92999267578125,130.38999938964844,132.9199981689453,125.36579895019531,2817400
2020-04-01,128.22000122070312,129.36000061035156,123.55999755859375,126.08999633789062,118.92398834228516,2292400
2020-04-02,125.5999984741211,130.9600067138672,124.73999786376953,130.39999389648438,122.989013671875,1239100
2020-04-03,129.75,131.58999633789062,125.97000122070312,126.62000274658203,119.42386627197266,1344700
2020-04-06,132.10000610351562,141.8800048828125,131.5500030517578,140.89999389648438,132.8922882080078,1769400
2020-04-07,144.97000122070312,148.30999755859375,142.25,142.44000244140625,134.34478759765625,1483500
2020-04-08,144.10000610351562,149.52000427246094,143.44000244140625,147.77000427246094,139.37185668945312,1049900
2020-04-09,149.24000549316406,153.47000122070312,147.58999633789062,152.88999938964844,144.2008819580078,1236700
2020-04-13,150.3000030517578,152.66000366210938,145.11000061035156,146.24000549316406,137.9288330078125,822200
2020-04-14,149.27999877929688,153.2100067138672,149.0399932861328,152.7899932861328,144.10655212402344,821300
2020-04-15,149.7100067138672,150.63999938964844,147.86000061035156,148.6199951171875,140.17355346679688,867000
2020-04-16,148.8699951171875,153.1999969482422,148.19000244140625,152.75,144.06884765625,767300
2020-04-17,155.72000122070312,157.9499969482422,154.6999969482422,157.77000427246094,148.80352783203125,941700
2020-04-20,156.11000061035156,159.14999389648438,155.02000427246094,155.3800048828125,146.5493927001953,747100
2020-04-21,152.2100067138672,153.10000610351562,144.35000610351562,144.67999267578125,136.45748901367188,1410600
2020-04-22,148.2899932861328,153.0,146.38999938964844,151.58999633789062,142.9747772216797,957700
2020-04-23,153.11000061035156,154.74000549316406,151.11000061035156,153.61000061035156,144.87998962402344,1204700
2020-04-24,154.58999633789062,154.75,151.58999633789062,152.8000030517578,144.1160125732422,1395800
2020-04-27,153.77999877929688,155.9600067138672,152.82000732421875,154.44000244140625,145.66281127929688,558100
2020-04-28,155.77000427246094,156.22999572753906,145.22000122070312,145.42999267578125,137.16485595703125,2203300
2020-04-29,147.0,150.02999877929688,145.0,148.9199981689453,140.4564971923828,1685400
2020-04-30,148.36000061035156,148.3800048828125,143.55999755859375,143.80999755859375,135.6369171142578,1259000
2020-05-01,141.5,143.13999938964844,138.4600067138672,138.8300018310547,130.93995666503906,1202500
2020-05-04,138.72999572753906,141.22000122070312,137.00999450683594,141.16000366210938,133.1375274658203,1801200
2020-05-05,141.91000366210938,143.47000122070312,140.66000366210938,140.82000732421875,132.8168487548828,1013300
2020-05-06,141.7899932861328,142.0,135.27999877929688,135.3000030517578,127.61053466796875,1620100
2020-05-07,137.1300048828125,138.0,135.5,136.2100067138672,128.46884155273438,2499400
2020-05-08,130.49000549316406,135.6199951171875,124.5999984741211,131.27000427246094,123.80960083007812,5279800
2020-05-11,130.0500030517578,133.1300048828125,128.86000061035156,130.13999938964844,122.74381256103516,2388000
2020-05-12,131.49000549316406,133.30999755859375,130.2100067138672,131.22999572753906,123.77185821533203,1974000
2020-05-13,131.13999938964844,132.44000244140625,126.70999908447266,128.3699951171875,121.07440185546875,2539400
2020-05-14,127.0,127.69000244140625,124.36000061035156,127.31999969482422,120.0840835571289,1589700
2020-05-15,126.37000274658203,129.14999389648438,125.33999633789062,129.07000732421875,121.7346420288086,1172200
2020-05-18,131.97999572753906,135.8800048828125,131.91000366210938,135.52000427246094,127.81805419921875,1684900
2020-05-19,136.94000244140625,138.97999572753906,135.85000610351562,137.02999877929688,129.24224853515625,1649800
2020-05-20,137.36000061035156,139.4600067138672,135.74000549316406,138.58999633789062,130.71359252929688,1587700
2020-05-21,138.8800048828125,139.92999267578125,136.97000122070312,137.19000244140625,129.3931427001953,1199400
2020-05-22,137.02999877929688,137.2899932861328,134.08999633789062,134.19000244140625,126.56365203857422,1021400
2020-05-26,137.8300018310547,139.63999938964844,137.0800018310547,137.38999938964844,129.58180236816406,1730200
2020-05-27,138.2100067138672,138.2100067138672,133.24000549316406,134.02000427246094,126.4032974243164,1890700
2020-05-28,135.52000427246094,138.49000549316406,134.50999450683594,135.8699951171875,128.14817810058594,1334300
2020-05-29,136.2899932861328,136.7100067138672,132.8000030517578,135.3300018310547,127.63887786865234,2404100
2020-06-01,136.1999969482422,139.89999389648438,135.42999267578125,138.94000244140625,131.04368591308594,1260500
2020-06-02,139.22000122070312,139.9499969482422,137.80999755859375,139.66000366210938,131.7227783203125,1422500
2020-06-03,141.17999267578125,148.1699981689453,140.32000732421875,147.8699951171875,139.46617126464844,2766600
2020-06-04,146.64999389648438,149.3699951171875,146.3000030517578,149.22999572753906,140.74887084960938,2194100
2020-06-05,151.82000732421875,156.05999755859375,151.32000732421875,155.89999389648438,147.03981018066406,1292700
2020-06-08,156.0,159.75999450683594,155.42999267578125,158.32000732421875,149.32228088378906,1894700
2020-06-09,157.00999450683594,157.19000244140625,151.39999389648438,151.77000427246094,143.14454650878906,1223100
2020-06-10,151.58999633789062,152.0500030517578,147.4499969482422,148.22999572753906,139.80572509765625,2985200
2020-06-11,143.88999938964844,144.3699951171875,136.05999755859375,136.0800018310547,128.3462371826172,2484300
2020-06-12,141.0800018310547,142.86000061035156,137.99000549316406,140.60000610351562,133.2359619140625,2441900
2020-06-15,137.27000427246094,138.9499969482422,135.38999938964844,137.55999755859375,130.35519409179688,1830200
2020-06-16,142.61000061035156,144.55999755859375,140.75,141.9199981689453,134.48683166503906,1820900
2020-06-17,141.80999755859375,143.52000427246094,138.57000732421875,140.05999755859375,132.72427368164062,1042300
2020-06-18,138.88999938964844,142.1199951171875,138.88999938964844,141.3699951171875,133.96568298339844,1072900
2020-06-19,142.1999969482422,142.85000610351562,138.47999572753906,138.8800048828125,131.60606384277344,2989600
2020-06-22,138.8699951171875,141.2899932861328,137.6300048828125,141.1300048828125,133.7382049560547,1767400
2020-06-23,142.33999633789062,142.75,140.94000244140625,141.02999877929688,133.64344787597656,1175800
2020-06-24,140.2899932861328,141.02999877929688,137.27999877929688,139.3000030517578,132.00408935546875,1431300
2020-06-25,138.1199951171875,140.64999389648438,136.3699951171875,140.49000549316406,133.13174438476562,1508700
2020-06-26,140.50999450683594,140.92999267578125,136.27000427246094,138.77999877929688,131.5113067626953,3932900
2020-06-29,139.55999755859375,139.55999755859375,137.10000610351562,138.13999938964844,130.9048309326172,819200
2020-06-30,138.39999389648438,140.9199981689453,138.39999389648438,140.1300048828125,132.7906036376953,1219300
2020-07-01,139.49000549316406,139.74000549316406,135.64999389648438,135.97000122070312,128.84849548339844,1779800
2020-07-02,137.66000366210938,139.10000610351562,134.82000732421875,135.08999633789062,128.01455688476562,1444600
2020-07-06,136.57000732421875,137.2100067138672,135.72000122070312,136.00999450683594,128.8863983154297,1506700
2020-07-07,134.47999572753906,134.77000427246094,131.00999450683594,131.0800018310547,124.21460723876953,1869300
2020-07-08,131.05999755859375,133.08999633789062,130.6999969482422,132.1300048828125,125.2096176147461,1498800
2020-07-09,131.83999633789062,132.74000549316406,128.42999267578125,130.92999267578125,124.07244873046875,1270100
2020-07-10,129.86000061035156,130.41000366210938,127.58000183105469,128.4199981689453,121.69391632080078,1921300
2020-07-13,129.66000366210938,132.44000244140625,129.0399932861328,131.05999755859375,124.19562530517578,2373800
2020-07-14,130.42999267578125,133.19000244140625,129.5,132.97000122070312,126.00559997558594,1172700
2020-07-15,133.97999572753906,136.47000122070312,133.97000122070312,134.55999755859375,127.51232147216797,910100
2020-07-16,133.6999969482422,134.8699951171875,133.1199951171875,134.7100067138672,127.65450286865234,1221400
2020-07-17,135.8300018310547,138.47000122070312,135.24000549316406,137.67999267578125,130.4689178466797,1217200
2020-07-20,137.19000244140625,137.9600067138672,134.72000122070312,135.64999389648438,128.54522705078125,1771700
2020-07-21,136.3300018310547,138.47000122070312,136.2100067138672,138.0,130.77212524414062,1072700
2020-07-22,137.6999969482422,141.97000122070312,137.25999450683594,141.1999969482422,133.8045196533203,1144600
2020-07-23,141.3699951171875,145.85000610351562,141.35000610351562,144.22000122070312,136.66639709472656,1640500
2020-07-24,144.13999938964844,144.22999572753906,140.8000030517578,141.72999572753906,134.30677795410156,1370000
2020-07-27,141.80999755859375,143.52999877929688,141.49000549316406,141.9600067138672,134.52474975585938,1077100
2020-07-28,140.67999267578125,141.5500030517578,135.77999877929688,136.8000030517578,129.635009765625,1517100
2020-07-29,138.00999450683594,140.5500030517578,137.8000030517578,140.0399932861328,132.70530700683594,838200
2020-07-30,137.41000366210938,139.35000610351562,135.89999389648438,139.19000244140625,131.89979553222656,541200
2020-07-31,139.6999969482422,139.91000366210938,137.10000610351562,139.8000030517578,132.4779052734375,703300
2020-08-03,140.64999389648438,141.25,137.4600067138672,137.5399932861328,130.33624267578125,906000
2020-08-04,138.36000061035156,139.99000549316406,136.77000427246094,137.57000732421875,130.3647003173828,1211200
2020-08-05,138.35000610351562,139.52999877929688,137.44000244140625,138.3300018310547,131.08485412597656,1379900
2020-08-06,137.88999938964844,144.0500030517578,137.88999938964844,144.02999877929688,136.48629760742188,1994000
2020-08-07,147.7100067138672,151.99000549316406,141.9499969482422,144.25999450683594,136.70425415039062,2828900
2020-08-10,144.0,144.5,140.89999389648438,142.22000122070312,134.7711181640625,1472100
2020-08-11,142.16000366210938,143.52000427246094,140.2100067138672,142.8699951171875,135.38706970214844,1458900
2020-08-12,142.47000122070312,146.33999633789062,142.39999389648438,145.00999450683594,137.41500854492188,948000
2020-08-13,143.8000030517578,146.5,142.75,145.9600067138672,138.3152313232422,716100
2020-08-14,144.88999938964844,145.60000610351562,143.8300018310547,145.3699951171875,137.75611877441406,704500
2020-08-17,145.77000427246094,147.39999389648438,145.77000427246094,147.36000061035156,139.6419677734375,981900
2020-08-18,147.5800018310547,149.97999572753906,147.0800018310547,149.8000030517578,141.95413208007812,1377600
2020-08-19,150.0,151.49000549316406,149.52999877929688,150.4600067138672,142.57955932617188,1288400
2020-08-20,148.67999267578125,151.72000122070312,148.44000244140625,151.61000061035156,143.66932678222656,1069800
2020-08-21,151.14999389648438,152.0399932861328,150.3000030517578,151.9199981689453,143.96307373046875,794200
2020-08-24,151.47999572753906,153.99000549316406,151.47999572753906,153.97000122070312,145.90573120117188,905800
2020-08-25,154.44000244140625,155.30999755859375,153.9199981689453,154.77999877929688,146.67327880859375,654300
2020-08-26,155.3000030517578,155.3000030517578,152.66000366210938,153.3300018310547,145.29922485351562,835500
2020-08-27,154.25999450683594,154.35000610351562,151.35000610351562,151.80999755859375,143.8588409423828,1418700
2020-08-28,151.69000244140625,153.94000244140625,151.5500030517578,153.5800018310547,145.5361328125,759500
2020-08-31,153.0399932861328,155.25,152.3300018310547,154.75,146.64486694335938,1411700
2020-09-01,154.27999877929688,154.2899932861328,152.6699981689453,153.77000427246094,145.7161865234375,964100
2020-09-02,154.0,157.97000122070312,153.52999877929688,157.08999633789062,148.86228942871094,902800
2020-09-03,156.50999450683594,157.22000122070312,152.10000610351562,153.52000427246094,145.47930908203125,1015400
2020-09-04,154.0399932861328,155.4600067138672,151.24000549316406,153.0399932861328,145.0244140625,1361600
2020-09-08,151.14999389648438,154.0,150.32000732421875,152.49000549316406,144.5032196044922,1080200
2020-09-09,154.0800018310547,155.3699951171875,152.72999572753906,153.57000732421875,145.52664184570312,685500
2020-09-10,153.4600067138672,154.97999572753906,150.0500030517578,150.33999633789062,142.46580505371094,941300
2020-09-11,152.02999877929688,154.3000030517578,151.60000610351562,153.86000061035156,145.8014678955078,1232900
2020-09-14,153.82000732421875,157.0800018310547,153.82000732421875,156.0,148.44688415527344,1574900
2020-09-15,156.80999755859375,157.77000427246094,156.39999389648438,156.8000030517578,149.20814514160156,557600
2020-09-16,157.6999969482422,158.99000549316406,157.02999877929688,157.08999633789062,149.48410034179688,896600
2020-09-17,154.63999938964844,158.4499969482422,153.5399932861328,158.17999267578125,150.5212860107422,1382500
2020-09-18,157.02000427246094,158.30999755859375,155.72999572753906,157.30999755859375,149.69342041015625,1483000
2020-09-21,155.0399932861328,155.0399932861328,151.3300018310547,152.57000732421875,145.18296813964844,1382800
2020-09-22,153.1699981689453,157.38999938964844,152.38999938964844,157.27000427246094,149.65536499023438,893100
2020-09-23,157.13999938964844,157.88999938964844,152.11000061035156,152.1999969482422,144.8308563232422,1065800
2020-09-24,151.64999389648438,152.8699951171875,149.80999755859375,151.69000244140625,144.3455352783203,1041400
2020-09-25,150.6699981689453,154.5800018310547,150.14999389648438,154.0,146.54368591308594,624000
2020-09-28,155.86000061035156,158.38999938964844,155.25,156.6300048828125,149.04638671875,1163300
2020-09-29,157.27999877929688,158.9600067138672,157.25999450683594,157.64999389648438,150.0169677734375,692400
2020-09-30,157.7100067138672,158.0399932861328,156.07000732421875,156.80999755859375,149.21763610839844,813800
2020-10-01,158.0,158.85000610351562,155.33999633789062,156.7899932861328,149.19862365722656,715500
2020-10-02,153.6999969482422,157.5800018310547,153.6999969482422,156.91000366210938,149.31285095214844,592800
2020-10-05,158.0,158.64999389648438,156.58999633789062,157.50999450683594,149.8837432861328,721400
2020-10-06,158.27000427246094,159.24000549316406,156.61000061035156,156.9600067138672,149.36038208007812,772300
2020-10-07,158.4600067138672,160.50999450683594,157.5399932861328,160.30999755859375,152.5482177734375,833100
2020-10-08,161.67999267578125,163.7100067138672,161.67999267578125,162.77000427246094,154.8891143798828,682900
2020-10-09,164.38999938964844,167.1699981689453,164.0,166.77999877929688,158.70492553710938,1274700
2020-10-12,167.52999877929688,168.83999633789062,166.00999450683594,168.3300018310547,160.1798553466797,653200
2020-10-13,167.86000061035156,169.67999267578125,165.57000732421875,166.24000549316406,158.19107055664062,954100
2020-10-14,167.38999938964844,168.7100067138672,166.25999450683594,166.9199981689453,158.83815002441406,436300
2020-10-15,165.89999389648438,174.94000244140625,165.88999938964844,171.58999633789062,163.28201293945312,1811200
2020-10-16,171.4199981689453,172.82000732421875,169.7899932861328,170.91000366210938,162.6349334716797,1126400
2020-10-19,171.4499969482422,173.36000061035156,169.7100067138672,170.16000366210938,161.92129516601562,728500
2020-10-20,170.14999389648438,171.60000610351562,168.7899932861328,168.89999389648438,160.7222900390625,893600
2020-10-21,170.44000244140625,171.80999755859375,169.4499969482422,170.49000549316406,162.2353057861328,530000
2020-10-22,170.8800048828125,171.47999572753906,168.85000610351562,169.05999755859375,160.87451171875,727800
2020-10-23,173.17999267578125,176.9199981689453,171.7100067138672,174.77999877929688,166.31761169433594,1030300
2020-10-26,172.47999572753906,173.02999877929688,169.4199981689453,172.3000030517578,163.95767211914062,845400
2020-10-27,172.0399932861328,175.24000549316406,171.9199981689453,172.36000061035156,164.01478576660156,854600
2020-10-28,169.13999938964844,170.4199981689453,164.35000610351562,164.49000549316406,156.5258026123047,1116900
2020-10-29,163.89999389648438,165.38999938964844,160.88999938964844,162.88999938964844,155.00332641601562,1145500
2020-10-30,160.5,161.82000732421875,156.3000030517578,158.05999755859375,150.40713500976562,1093300
2020-11-02,160.0,164.77000427246094,159.8800048828125,163.47000122070312,155.55519104003906,1089800
2020-11-03,165.66000366210938,169.27999877929688,165.41000366210938,166.0,157.9627227783203,968100
2020-11-04,166.22999572753906,166.3800048828125,160.19000244140625,160.3300018310547,152.56724548339844,1408200
2020-11-05,163.1300048828125,165.57000732421875,160.52000427246094,160.85000610351562,153.06204223632812,1098200
2020-11-06,162.27000427246094,165.7899932861328,161.1999969482422,164.47999572753906,156.5162811279297,992500
2020-11-09,171.94000244140625,175.7100067138672,169.9199981689453,170.25999450683594,162.01641845703125,1275400
2020-11-10,170.07000732421875,170.66000366210938,165.9600067138672,166.8000030517578,158.72393798828125,979800
2020-11-11,169.0399932861328,170.0,167.24000549316406,169.72999572753906,161.51210021972656,533600
2020-11-12,168.5800018310547,169.72999572753906,166.5,167.52999877929688,159.41860961914062,411100
2020-11-13,169.32000732421875,172.4199981689453,168.6999969482422,170.5,162.2448272705078,493100
2020-11-16,172.36000061035156,173.9199981689453,171.25,173.89999389648438,165.4801788330078,575600
2020-11-17,172.0800018310547,172.92999267578125,169.42999267578125,169.57000732421875,161.35986328125,769900
2020-11-18,169.9499969482422,170.19000244140625,167.27999877929688,167.4499969482422,159.34249877929688,542800
2020-11-19,166.61000061035156,169.27999877929688,165.38999938964844,169.16000366210938,160.9696807861328,400800
2020-11-20,169.35000610351562,170.5800018310547,166.0,167.3000030517578,159.19976806640625,1254900
2020-11-23,168.08999633789062,169.80999755859375,166.17999267578125,169.3800048828125,161.1790771484375,654900
2020-11-24,170.9600067138672,172.5800018310547,170.47000122070312,171.8699951171875,163.54847717285156,858300
2020-11-25,172.0,175.41000366210938,171.3300018310547,172.1300048828125,163.79588317871094,1198300
2020-11-27,173.6300048828125,174.72999572753906,172.3800048828125,173.4600067138672,165.06150817871094,287600
2020-11-30,172.60000610351562,174.6300048828125,170.27000427246094,171.52999877929688,163.22491455078125,1513700
2020-12-01,172.77999877929688,173.44000244140625,169.77999877929688,170.5,162.2448272705078,1202100
2020-12-02,170.6300048828125,171.75,169.02000427246094,171.05999755859375,162.7777099609375,721700
2020-12-03,170.8300018310547,172.5500030517578,168.60000610351562,171.1199951171875,162.8347930908203,776100
2020-12-04,171.58999633789062,172.44000244140625,169.5,170.39999389648438,162.14962768554688,810300
2020-12-07,170.4499969482422,171.9600067138672,169.9199981689453,170.4600067138672,162.20677185058594,457500
2020-12-08,169.32000732421875,172.86000061035156,168.33999633789062,172.47999572753906,164.1289520263672,1262500
2020-12-09,173.44000244140625,175.1999969482422,172.08999633789062,172.89999389648438,164.5286102294922,566700
2020-12-10,173.05999755859375,174.2899932861328,170.64999389648438,171.86000061035156,163.53900146484375,846500
2020-12-11,170.5399932861328,171.30999755859375,166.92999267578125,168.39999389648438,160.24649047851562,2205800
2020-12-14,168.6999969482422,169.80999755859375,165.77000427246094,165.9199981689453,158.5550537109375,1903500
2020-12-15,167.02000427246094,168.8699951171875,166.3000030517578,168.02999877929688,160.57139587402344,1604000
2020-12-16,168.0800018310547,168.83999633789062,164.77000427246094,166.9199981689453,159.5106658935547,1559300
2020-12-17,167.6300048828125,170.38999938964844,166.86000061035156,169.64999389648438,162.11949157714844,1322700
2020-12-18,169.14999389648438,171.02999877929688,168.7100067138672,170.25999450683594,162.70240783691406,1989500
2020-12-21,167.52999877929688,168.36000061035156,163.16000366210938,165.22000122070312,157.88612365722656,954200
2020-12-22,165.05999755859375,167.8800048828125,164.77999877929688,167.4499969482422,160.0171356201172,717900
2020-12-23,168.0500030517578,170.33999633789062,167.9199981689453,168.61000061035156,161.12564086914062,633000
2020-12-24,169.0,169.19000244140625,167.3699951171875,168.47000122070312,160.9918670654297,239000
2020-12-28,169.9199981689453,170.44000244140625,167.8300018310547,169.41000366210938,161.89013671875,615200
2020-12-29,170.5399932861328,170.6999969482422,166.3800048828125,166.94000244140625,159.52981567382812,461900
2020-12-30,167.50999450683594,168.86000061035156,166.88999938964844,166.97999572753906,159.56800842285156,561300
2020-12-31,166.67999267578125,170.1699981689453,166.50999450683594,170.05999755859375,162.5113067626953,485400
2021-01-04,170.63999938964844,171.19000244140625,165.60000610351562,167.5,160.06491088867188,991100
2021-01-05,167.8800048828125,168.69000244140625,165.72999572753906,166.61000061035156,159.21444702148438,779100
2021-01-06,166.55999755859375,171.5500030517578,165.6999969482422,170.67999267578125,163.10377502441406,914600
2021-01-07,170.91000366210938,173.4600067138672,170.63999938964844,171.0800018310547,163.4860076904297,746500
2021-01-08,171.3000030517578,174.63999938964844,171.3000030517578,174.5500030517578,166.80198669433594,830300
2021-01-11,173.1699981689453,174.74000549316406,172.75,173.69000244140625,165.9801483154297,627300
2021-01-12,173.6300048828125,175.5399932861328,172.92999267578125,174.24000549316406,166.50576782226562,936200
2021-01-13,173.41000366210938,174.64999389648438,172.50999450683594,174.08999633789062,166.36241149902344,449000
2021-01-14,173.74000549316406,177.0,171.97000122070312,173.47000122070312,165.7699432373047,596900
2021-01-15,173.52999877929688,174.30999755859375,171.11000061035156,173.5500030517578,165.84637451171875,570200
2021-01-19,174.82000732421875,174.82000732421875,171.47999572753906,171.77000427246094,164.1453857421875,1419300
2021-01-20,171.6999969482422,173.2100067138672,170.52000427246094,172.9199981689453,165.2443389892578,610600
2021-01-21,172.72000122070312,173.08999633789062,170.47000122070312,172.2899932861328,164.64230346679688,680600
2021-01-22,172.07000732421875,174.11000061035156,170.8300018310547,173.7100067138672,165.99928283691406,452700
2021-01-25,174.6999969482422,175.1999969482422,172.6699981689453,173.72000122070312,166.00880432128906,503000
2021-01-26,173.6699981689453,174.0399932861328,170.3699951171875,172.5399932861328,164.88119506835938,460200
2021-01-27,171.16000366210938,174.9199981689453,170.22999572753906,171.5399932861328,163.92559814453125,642400
2021-01-28,171.64999389648438,172.8699951171875,169.67999267578125,169.8300018310547,162.29150390625,861300
2021-01-29,170.9499969482422,173.11000061035156,167.07000732421875,167.5500030517578,160.11270141601562,995400
2021-02-01,168.6699981689453,175.67999267578125,168.6699981689453,174.60000610351562,166.84976196289062,872700
2021-02-02,175.36000061035156,179.8699951171875,174.7100067138672,178.77999877929688,170.84420776367188,888100
2021-02-03,178.9499969482422,180.69000244140625,177.1199951171875,179.4199981689453,171.45582580566406,646300
2021-02-04,179.9499969482422,182.8300018310547,179.02000427246094,182.2100067138672,174.12197875976562,1096700
2021-02-05,182.38999938964844,183.38999938964844,177.3800048828125,182.08999633789062,174.00729370117188,1023800
2021-02-08,182.60000610351562,183.89999389648438,181.11000061035156,182.5399932861328,174.43731689453125,919500
2021-02-09,182.85000610351562,183.92999267578125,181.3800048828125,183.1199951171875,174.99159240722656,701700
2021-02-10,184.0,184.39999389648438,182.52000427246094,183.32000732421875,175.18270874023438,654000
2021-02-11,183.97000122070312,183.97000122070312,181.02999877929688,181.7899932861328,173.72059631347656,690000
2021-02-12,181.75999450683594,182.74000549316406,180.0500030517578,181.07000732421875,173.03257751464844,721600
2021-02-16,182.0500030517578,184.39999389648438,180.49000549316406,183.35000610351562,175.2113800048828,689400
2021-02-17,182.44000244140625,183.14999389648438,181.0500030517578,181.7899932861328,173.72059631347656,454300
2021-02-18,181.24000549316406,183.3300018310547,180.52999877929688,182.9600067138672,174.8386993408203,589600
2021-02-19,183.8000030517578,184.8800048828125,182.5800018310547,182.75,174.6380157470703,579800
2021-02-22,181.49000549316406,182.58999633789062,180.4499969482422,180.5500030517578,172.53565979003906,759300
2021-02-23,181.25999450683594,181.25999450683594,177.2100067138672,178.5500030517578,170.62445068359375,577100
2021-02-24,178.5500030517578,182.47999572753906,178.5500030517578,181.0800018310547,173.0421142578125,644300
2021-02-25,181.0,181.6199951171875,179.52000427246094,180.52000427246094,172.50697326660156,594900
2021-02-26,181.0,181.41000366210938,175.47999572753906,175.47999572753906,167.69068908691406,958200
2021-03-01,176.72999572753906,182.9199981689453,176.36000061035156,182.4499969482422,174.35133361816406,778600
2021-03-02,182.1199951171875,182.64999389648438,179.7899932861328,179.83999633789062,171.85716247558594,947100
2021-03-03,179.5399932861328,180.19000244140625,177.52000427246094,178.3300018310547,170.41419982910156,581400
2021-03-04,178.83999633789062,179.1199951171875,173.7899932861328,174.91000366210938,167.14599609375,939600
2021-03-05,177.08999633789062,179.6199951171875,175.1999969482422,178.8699951171875,170.93020629882812,671300
2021-03-08,178.72999572753906,182.92999267578125,178.00999450683594,179.2100067138672,171.25515747070312,565100
2021-03-09,179.61000061035156,180.42999267578125,176.75999450683594,177.02999877929688,169.1719207763672,697600
2021-03-10,178.72000122070312,179.22000122070312,176.0,177.75999450683594,169.86949157714844,825800
2021-03-11,178.32000732421875,180.52999877929688,177.72000122070312,178.52999877929688,170.6053009033203,532800
2021-03-12,178.60000610351562,179.13999938964844,176.42999267578125,179.11000061035156,171.84298706054688,499800
2021-03-15,179.83999633789062,181.9199981689453,178.32000732421875,181.85000610351562,174.47181701660156,515500
2021-03-16,181.47000122070312,182.5399932861328,179.7899932861328,182.47999572753906,175.0762481689453,483800
2021-03-17,183.0,183.25,180.72999572753906,181.33999633789062,173.98251342773438,812100
2021-03-18,179.25,182.6300048828125,178.82000732421875,181.41000366210938,174.04966735839844,588200
2021-03-19,181.7899932861328,184.52000427246094,180.0800018310547,183.22000122070312,175.78622436523438,1306900
2021-03-22,183.22000122070312,186.6699981689453,182.97999572753906,185.7100067138672,178.17520141601562,1013000
2021-03-23,185.9499969482422,187.39999389648438,182.7100067138672,183.8800048828125,176.41944885253906,907100
2021-03-24,183.2100067138672,185.27000427246094,180.94000244140625,181.0399932861328,173.69467163085938,541700
2021-03-25,181.64999389648438,184.35000610351562,180.85000610351562,184.08999633789062,176.62094116210938,656100
2021-03-26,185.1300048828125,189.72999572753906,184.50999450683594,189.60000610351562,181.90737915039062,613100
2021-03-29,188.02999877929688,190.6199951171875,186.57000732421875,188.8800048828125,181.21658325195312,1577900
2021-03-30,188.35000610351562,188.9499969482422,185.88999938964844,186.61000061035156,179.03868103027344,495500
2021-03-31,187.39999389648438,189.47000122070312,186.61000061035156,188.0500030517578,180.4202423095703,680900
2021-04-01,188.3300018310547,189.4600067138672,187.0,188.36000061035156,180.7176971435547,582000
2021-04-05,189.8699951171875,192.83999633789062,188.75999450683594,191.33999633789062,183.5767822265625,780500
2021-04-06,189.8000030517578,190.38999938964844,187.80999755859375,188.6999969482422,181.0438690185547,634300
2021-04-07,189.36000061035156,191.72000122070312,188.5,189.92999267578125,182.22398376464844,617400
2021-04-08,190.22999572753906,190.7899932861328,188.47000122070312,190.4600067138672,182.7324981689453,598500
2021-04-09,190.80999755859375,191.27000427246094,189.4600067138672,191.05999755859375,183.30812072753906,604200
2021-04-12,189.5800018310547,190.6699981689453,187.10000610351562,187.7899932861328,180.17080688476562,771700
2021-04-13,187.17999267578125,188.8300018310547,185.6999969482422,188.49000549316406,180.8424072265625,698900
2021-04-14,188.80999755859375,188.80999755859375,185.80999755859375,187.35000610351562,179.74867248535156,693000
2021-04-15,187.4499969482422,189.64999389648438,186.97999572753906,188.1699981689453,180.53543090820312,580000
2021-04-16,189.5,189.5,187.8300018310547,188.60000610351562,180.94796752929688,601900
2021-04-19,189.11000061035156,189.11000061035156,187.16000366210938,187.66000366210938,180.0460968017578,572200
2021-04-20,186.07000732421875,186.82000732421875,184.66000366210938,185.27000427246094,177.75306701660156,593400
2021-04-21,185.8000030517578,187.3000030517578,185.22999572753906,186.47999572753906,178.91395568847656,681800
2021-04-22,185.9199981689453,188.49000549316406,185.02999877929688,187.42999267578125,179.82542419433594,513100
2021-04-23,188.88999938964844,190.83999633789062,187.27999877929688,189.97999572753906,182.27194213867188,540600
2021-04-26,189.94000244140625,190.32000732421875,188.19000244140625,190.1999969482422,182.48301696777344,527900
2021-04-27,189.3800048828125,190.83999633789062,188.77000427246094,189.75,182.05130004882812,645200
2021-04-28,189.97999572753906,190.97000122070312,188.1300048828125,188.60000610351562,180.94796752929688,524800
2021-04-29,189.22000122070312,190.0500030517578,188.8699951171875,189.22999572753906,181.55239868164062,453500
2021-04-30,188.4499969482422,189.16000366210938,186.97000122070312,188.3000030517578,180.66014099121094,729400
2021-05-03,188.77999877929688,189.02999877929688,187.1300048828125,188.75999450683594,181.10147094726562,737100
2021-05-04,188.0399932861328,188.80999755859375,186.02000427246094,186.55999755859375,178.99072265625,580400
2021-05-05,187.24000549316406,187.5500030517578,184.8699951171875,185.75999450683594,178.22317504882812,759100
2021-05-06,185.42999267578125,188.4499969482422,184.5500030517578,188.02999877929688,180.40106201171875,822400
2021-05-07,189.25999450683594,199.39999389648438,189.22999572753906,199.07000732421875,190.99314880371094,1440900
2021-05-10,199.94000244140625,203.17999267578125,199.2100067138672,200.41000366210938,192.27877807617188,1063700
2021-05-11,198.41000366210938,202.0500030517578,198.36000061035156,201.7100067138672,193.5260467529297,977000
2021-05-12,200.0800018310547,200.63999938964844,194.1999969482422,194.33999633789062,186.45504760742188,988400
2021-05-13,195.47999572753906,198.38999938964844,193.92999267578125,197.5399932861328,189.52520751953125,842100
2021-05-14,199.02999877929688,202.94000244140625,197.63999938964844,201.8800048828125,193.6891632080078,520500
2021-05-17,200.60000610351562,202.35000610351562,199.57000732421875,200.64999389648438,192.50904846191406,387600
2021-05-18,201.2899932861328,201.72999572753906,199.17999267578125,199.19000244140625,191.10830688476562,403400
2021-05-19,196.94000244140625,199.02999877929688,196.08999633789062,198.72999572753906,190.6669464111328,516200
2021-05-20,199.6300048828125,204.0,198.61000061035156,203.14999389648438,194.90757751464844,648000
2021-05-21,203.7100067138672,204.5500030517578,201.4199981689453,202.1199951171875,193.91940307617188,600100
2021-05-24,203.1699981689453,204.4199981689453,202.13999938964844,202.83999633789062,194.6101837158203,525800
2021-05-25,202.97999572753906,205.47000122070312,202.3699951171875,203.85000610351562,195.5792236328125,734000
2021-05-26,202.4199981689453,204.19000244140625,202.30999755859375,202.66000366210938,194.43753051757812,521900
2021-05-27,202.99000549316406,205.02999877929688,202.94000244140625,203.58999633789062,195.32974243164062,939800
2021-05-28,204.60000610351562,206.0399932861328,204.0800018310547,205.30999755859375,196.97994995117188,692200
2021-06-01,206.22000122070312,206.5500030517578,203.19000244140625,205.13999938964844,196.81686401367188,548100
2021-06-02,208.6999969482422,210.66000366210938,206.3800048828125,207.58999633789062,199.16746520996094,701100
2021-06-03,206.8800048828125,210.5800018310547,206.17999267578125,209.85000610351562,201.3357696533203,1264100
2021-06-04,210.74000549316406,211.7100067138672,208.8300018310547,209.9499969482422,201.43170166015625,550100
2021-06-07,210.05999755859375,210.82000732421875,207.14999389648438,207.69000244140625,199.26341247558594,591000
2021-06-08,209.27000427246094,211.5,207.80999755859375,210.41000366210938,201.87306213378906,709900
2021-06-09,210.19000244140625,210.80999755859375,208.85000610351562,209.1199951171875,200.63536071777344,513200
2021-06-10,209.39999389648438,212.75999450683594,209.3800048828125,212.5800018310547,203.95498657226562,417200
2021-06-11,213.7100067138672,213.7100067138672,210.22000122070312,212.30999755859375,203.6959686279297,469100
2021-06-14,211.22999572753906,212.3000030517578,209.44000244140625,211.39999389648438,203.50343322753906,403600
2021-06-15,212.0,212.1300048828125,210.32000732421875,210.94000244140625,203.06060791015625,413700
2021-06-16,211.33999633789062,211.33999633789062,208.13999938964844,209.6999969482422,201.86692810058594,806600
2021-06-17,209.47999572753906,213.64999389648438,209.3699951171875,210.8800048828125,203.0028533935547,967000
2021-06-18,209.9199981689453,210.52000427246094,206.7100067138672,207.02999877929688,199.2966766357422,1033700
2021-06-21,208.52999877929688,212.63999938964844,207.3000030517578,211.30999755859375,203.41680908203125,746300
2021-06-22,212.63999938964844,214.7899932861328,211.00999450683594,213.9499969482422,205.9581756591797,1404400
2021-06-23,213.36000061035156,214.49000549316406,212.02999877929688,213.32000732421875,205.3517303466797,602700
2021-06-24,215.0,215.11000061035156,213.0800018310547,214.55999755859375,206.54541015625,540300
2021-06-25,214.61000061035156,216.1199951171875,214.57000732421875,215.6199951171875,207.5657958984375,1103300
2021-06-28,216.10000610351562,216.17999267578125,214.5,215.11000061035156,207.07485961914062,534200
2021-06-29,215.27000427246094,217.22000122070312,215.1999969482422,217.00999450683594,208.9038543701172,515800
2021-06-30,216.85000610351562,217.86000061035156,216.00999450683594,216.85000610351562,208.74984741210938,573900
2021-07-01,217.60000610351562,219.44000244140625,217.2899932861328,218.74000549316406,210.56927490234375,472000
2021-07-02,219.60000610351562,222.16000366210938,218.85000610351562,221.02000427246094,212.76406860351562,643100
2021-07-06,222.13999938964844,223.3800048828125,219.99000549316406,223.00999450683594,214.6797637939453,754900
2021-07-07,223.27999877929688,224.77999877929688,221.2100067138672,224.4499969482422,216.0659637451172,459300
2021-07-08,220.52999877929688,224.22999572753906,220.5,222.30999755859375,214.00592041015625,702200
2021-07-09,223.99000549316406,224.80999755859375,221.5800018310547,224.52000427246094,216.1333465576172,513100
2021-07-12,224.58999633789062,225.00999450683594,222.75999450683594,223.22999572753906,214.89154052734375,427400
2021-07-13,223.77999877929688,224.1999969482422,221.67999267578125,222.1999969482422,213.89999389648438,393000
2021-07-14,223.49000549316406,224.63999938964844,222.49000549316406,222.91000366210938,214.58349609375,479900
2021-07-15,222.5800018310547,223.9499969482422,221.5,222.6300048828125,214.31393432617188,440800
2021-07-16,222.52000427246094,223.6300048828125,219.8000030517578,219.99000549316406,211.77259826660156,583100
2021-07-19,217.24000549316406,218.67999267578125,215.2899932861328,216.60000610351562,208.50921630859375,578600
2021-07-20,217.82000732421875,219.5399932861328,217.0800018310547,218.5800018310547,210.41522216796875,727600
2021-07-21,219.4199981689453,219.67999267578125,217.63999938964844,219.4199981689453,211.22386169433594,485900
2021-07-22,218.66000366210938,220.14999389648438,217.5399932861328,220.1199951171875,211.897705078125,419400
2021-07-23,221.52999877929688,222.2899932861328,219.88999938964844,221.6999969482422,213.41867065429688,453800
2021-07-26,221.33999633789062,222.8300018310547,220.72999572753906,222.6699981689453,214.35247802734375,451100
2021-07-27,221.39999389648438,222.57000732421875,219.57000732421875,221.64999389648438,213.3705291748047,503300
2021-07-28,221.89999389648438,222.4499969482422,220.60000610351562,221.47999572753906,213.2069091796875,551500
2021-07-29,223.99000549316406,224.8000030517578,223.1699981689453,223.77999877929688,215.42098999023438,526800
2021-07-30,223.25999450683594,224.47000122070312,223.25999450683594,223.9199981689453,215.55575561523438,656100
2021-08-02,224.86000061035156,226.4199981689453,223.7100067138672,223.92999267578125,215.56539916992188,569000
2021-08-03,224.30999755859375,225.3000030517578,222.99000549316406,224.99000549316406,216.58578491210938,418700
2021-08-04,225.0,225.72000122070312,222.02000427246094,222.77000427246094,214.44873046875,680500
2021-08-05,222.97000122070312,223.82000732421875,220.8300018310547,222.27000427246094,213.96737670898438,608100
2021-08-06,225.27000427246094,231.88999938964844,224.22000122070312,228.52000427246094,219.98394775390625,1252500
2021-08-09,228.52000427246094,231.2100067138672,227.88999938964844,228.1699981689453,219.6470184326172,719500
2021-08-10,228.27000427246094,230.42999267578125,228.27000427246094,229.72000122070312,221.1391143798828,605800
2021-08-11,230.6699981689453,230.6699981689453,226.77999877929688,227.14999389648438,218.66510009765625,557000
2021-08-12,227.1999969482422,230.57000732421875,226.75,230.5399932861328,221.92849731445312,852300
2021-08-13,231.3800048828125,233.11000061035156,230.8300018310547,233.02999877929688,224.32550048828125,616500
2021-08-16,232.5500030517578,235.02999877929688,231.77000427246094,234.89999389648438,226.1256103515625,576700
2021-08-17,233.89999389648438,234.85000610351562,233.2100067138672,234.41000366210938,225.65394592285156,578400
2021-08-18,234.05999755859375,235.66000366210938,232.80999755859375,233.91000366210938,225.17263793945312,649700
2021-08-19,231.8300018310547,238.97000122070312,231.8000030517578,237.41000366210938,228.54185485839844,874200
2021-08-20,237.25999450683594,240.02000427246094,236.4199981689453,240.0,231.0351104736328,1209000
2021-08-23,240.7100067138672,241.19000244140625,238.49000549316406,239.02999877929688,230.1013641357422,698300
2021-08-24,239.0,240.27000427246094,238.17999267578125,239.1199951171875,230.18797302246094,585000
2021-08-25,239.89999389648438,242.58999633789062,239.36000061035156,241.3300018310547,232.31546020507812,874200
2021-08-26,241.72999572753906,243.5,240.42999267578125,243.0500030517578,233.97120666503906,481500
2021-08-27,244.07000732421875,244.5500030517578,242.0500030517578,242.80999755859375,233.74017333984375,748700
2021-08-30,243.00999450683594,244.7899932861328,242.82000732421875,244.55999755859375,235.42477416992188,382000
2021-08-31,244.89999389648438,244.89999389648438,242.41000366210938,244.22000122070312,235.09747314453125,1071700
2021-09-01,244.2100067138672,244.22000122070312,242.47000122070312,243.4600067138672,234.3658905029297,620200
2021-09-02,244.42999267578125,246.1199951171875,242.88999938964844,246.02999877929688,236.83985900878906,553000
2021-09-03,245.50999450683594,246.4199981689453,244.5800018310547,244.85000610351562,235.70394897460938,558300
2021-09-07,244.1300048828125,245.74000549316406,243.19000244140625,244.8699951171875,235.7231903076172,661800
2021-09-08,245.0500030517578,246.83999633789062,244.6699981689453,246.44000244140625,237.2345733642578,403500
2021-09-09,246.75,246.97000122070312,243.7100067138672,244.0,234.8856964111328,967300
2021-09-10,245.52000427246094,245.52000427246094,242.49000549316406,242.67999267578125,233.6150360107422,623600
2021-09-13,244.0,244.5399932861328,240.47999572753906,241.75,232.71974182128906,845100
2021-09-14,242.0399932861328,242.1300048828125,238.8699951171875,240.80999755859375,232.49771118164062,803200
2021-09-15,240.83999633789062,244.6999969482422,239.39999389648438,243.97000122070312,235.5486297607422,1120600
2021-09-16,244.82000732421875,244.97999572753906,241.22999572753906,242.32000732421875,233.95556640625,458200
2021-09-17,240.67999267578125,242.41000366210938,236.55999755859375,237.4199981689453,229.22470092773438,1458700
2021-09-20,234.50999450683594,235.97000122070312,232.22000122070312,234.25,226.1641082763672,671700
2021-09-21,235.82000732421875,236.6999969482422,233.32000732421875,235.52999877929688,227.39993286132812,734400
2021-09-22,237.4499969482422,241.11000061035156,236.82000732421875,239.14999389648438,230.89495849609375,897400
2021-09-23,240.08999633789062,243.07000732421875,240.02000427246094,240.2100067138672,231.91842651367188,445100
2021-09-24,239.6300048828125,241.8699951171875,239.11000061035156,240.77000427246094,232.4591064453125,636400
2021-09-27,240.74000549316406,240.94000244140625,238.30999755859375,238.86000061035156,230.614990234375,469500
2021-09-28,237.47999572753906,237.47999572753906,233.3000030517578,233.6699981689453,225.60415649414062,716600
2021-09-29,234.39999389648438,237.14999389648438,234.11000061035156,235.66000366210938,227.52549743652344,589200
2021-09-30,236.72000122070312,238.14999389648438,232.30999755859375,232.32000732421875,224.30075073242188,632500
2021-10-01,233.75,235.69000244140625,230.39999389648438,234.30999755859375,226.22203063964844,563400
2021-10-04,232.88999938964844,233.9600067138672,229.92999267578125,231.47000122070312,223.4801025390625,588100
2021-10-05,232.3300018310547,234.72999572753906,230.44000244140625,232.27000427246094,224.25247192382812,646300
2021-10-06,230.92999267578125,233.83999633789062,228.61000061035156,233.75999450683594,225.6910400390625,769000
2021-10-07,235.3300018310547,239.2100067138672,234.97999572753906,236.85000610351562,228.67437744140625,565200
2021-10-08,237.5,237.97000122070312,235.97999572753906,236.75999450683594,228.5874481201172,407100
2021-10-11,236.39999389648438,237.5500030517578,235.41000366210938,235.66000366210938,227.52549743652344,348000
2021-10-12,236.17999267578125,239.9499969482422,235.25999450683594,239.32000732421875,231.0591278076172,602300
2021-10-13,239.9199981689453,241.4199981689453,239.64999389648438,241.3000030517578,232.97080993652344,671600
2021-10-14,243.60000610351562,246.3300018310547,242.61000061035156,245.11000061035156,236.6492919921875,663700
2021-10-15,246.91000366210938,248.39999389648438,239.3800048828125,239.8300018310547,231.551513671875,882400
2021-10-18,239.0,243.24000549316406,238.36000061035156,243.07000732421875,234.6796875,675100
2021-10-19,243.94000244140625,246.4199981689453,243.55999755859375,245.1300048828125,236.66859436035156,444500
2021-10-20,246.0,247.0800018310547,244.77000427246094,246.42999267578125,237.92369079589844,439500
2021-10-21,247.38999938964844,249.75,246.8300018310547,248.3000030517578,239.72915649414062,472100
2021-10-22,248.69000244140625,250.36000061035156,248.2899932861328,249.52999877929688,240.91665649414062,285500
2021-10-25,249.0,249.61000061035156,245.6300048828125,245.91000366210938,237.42164611816406,531800
2021-10-26,246.97999572753906,248.55999755859375,245.55999755859375,245.8000030517578,237.31544494628906,387400
2021-10-27,246.86000061035156,251.4499969482422,246.86000061035156,250.0500030517578,241.41871643066406,820600
2021-10-28,246.60000610351562,249.74000549316406,246.60000610351562,248.1300048828125,239.56503295898438,645900
2021-10-29,247.08999633789062,249.50999450683594,246.0,248.58999633789062,240.00914001464844,830100
2021-11-01,248.1699981689453,248.1699981689453,244.5800018310547,245.02999877929688,236.57200622558594,486500
2021-11-02,246.00999450683594,252.0800018310547,246.00999450683594,251.50999450683594,242.8283233642578,918900
2021-11-03,251.6199951171875,253.02999877929688,248.8300018310547,252.6699981689453,243.9482879638672,505800
2021-11-04,252.4600067138672,254.6999969482422,250.07000732421875,251.41000366210938,242.73182678222656,595200
2021-11-05,252.2100067138672,253.00999450683594,244.42999267578125,247.44000244140625,238.8988494873047,932300
2021-11-08,249.47000122070312,250.19000244140625,243.33999633789062,249.27999877929688,240.67529296875,657200
2021-11-09,250.49000549316406,253.19000244140625,248.5399932861328,249.42999267578125,240.8201446533203,748600
2021-11-10,248.4499969482422,251.77999877929688,243.05999755859375,247.0500030517578,238.5222930908203,459900
2021-11-11,249.05999755859375,249.92999267578125,247.02999877929688,247.83999633789062,239.28500366210938,427400
2021-11-12,248.6199951171875,252.5500030517578,248.1699981689453,251.44000244140625,242.76075744628906,851700
2021-11-15,251.14999389648438,252.77000427246094,250.52999877929688,251.25,242.57733154296875,475200
2021-11-16,251.4600067138672,254.6699981689453,251.27999877929688,254.0500030517578,245.28067016601562,502500
2021-11-17,255.0,255.0,250.74000549316406,252.0399932861328,243.34005737304688,559500
2021-11-18,252.42999267578125,257.2900085449219,250.97000122070312,257.25,248.37020874023438,782300
2021-11-19,258.29998779296875,258.7799987792969,252.72999572753906,253.11000061035156,244.3731231689453,639000
2021-11-22,253.80999755859375,258.45001220703125,253.55999755859375,255.6199951171875,246.79647827148438,789700
2021-11-23,255.97999572753906,259.2099914550781,253.72000122070312,257.1099853515625,248.2350311279297,578700
2021-11-24,256.1700134277344,261.8500061035156,256.1700134277344,261.2900085449219,252.270751953125,996800
2021-11-26,257.9700012207031,260.9700012207031,252.83999633789062,253.5800018310547,244.82688903808594,549200
2021-11-29,256.6300048828125,262.4200134277344,254.22000122070312,259.5,250.54257202148438,879200
2021-11-30,258.2200012207031,258.94000244140625,252.66000366210938,253.17999267578125,244.440673828125,1747200
2021-12-01,256.57000732421875,258.17999267578125,245.55999755859375,245.9499969482422,237.46026611328125,1065900
2021-12-02,246.05999755859375,254.66000366210938,246.05999755859375,252.52000427246094,243.80349731445312,878600
2021-12-03,253.11000061035156,256.0,245.6699981689453,248.0,239.4394989013672,775500
2021-12-06,250.52999877929688,255.22999572753906,249.32000732421875,250.61000061035156,241.95941162109375,1063500
2021-12-07,253.57000732421875,256.05999755859375,252.9499969482422,254.97000122070312,246.16891479492188,635600
2021-12-08,255.5,256.0,252.7100067138672,253.69000244140625,244.93309020996094,586500
2021-12-09,254.10000610351562,260.9800109863281,254.10000610351562,259.17999267578125,250.23358154296875,787600
2021-12-10,260.2200012207031,265.4700012207031,259.75,264.9200134277344,255.7754669189453,720000
2021-12-13,264.9700012207031,265.6300048828125,261.7099914550781,263.2900085449219,254.2017059326172,476100
2021-12-14,261.2900085449219,262.8399963378906,257.42999267578125,259.5299987792969,251.32565307617188,617900
2021-12-15,260.2200012207031,262.8999938964844,257.9599914550781,262.6300048828125,254.32760620117188,632000
2021-12-16,263.3299865722656,266.8599853515625,260.3299865722656,261.760009765625,253.48512268066406,806900
2021-12-17,259.2300109863281,261.70001220703125,256.2099914550781,259.1199951171875,250.92855834960938,1117800
2021-12-20,256.2699890136719,258.05999755859375,252.1699981689453,255.89999389648438,247.81036376953125,707800
2021-12-21,257.95001220703125,261.7900085449219,256.2099914550781,261.6099853515625,253.33984375,789800
2021-12-22,261.8800048828125,265.1700134277344,259.79998779296875,264.5899963378906,256.22564697265625,472100
2021-12-23,264.7799987792969,266.3500061035156,261.3599853515625,262.8999938964844,254.5890655517578,565800
2021-12-27,263.8800048828125,269.04998779296875,262.5799865722656,268.9200134277344,260.41876220703125,472500
2021-12-28,268.4100036621094,270.05999755859375,267.5,269.80999755859375,261.2806396484375,498700
2021-12-29,271.82000732421875,273.510009765625,269.6300048828125,272.7300109863281,264.1083068847656,791900
2021-12-30,273.1600036621094,273.6499938964844,270.9700012207031,271.0899963378906,262.5201721191406,323300
2021-12-31,270.9700012207031,273.1300048828125,270.4800109863281,271.70001220703125,263.1109313964844,303500
2022-01-03,271.29998779296875,271.3800048828125,265.2099914550781,267.42999267578125,258.9758605957031,675200
2022-01-04,267.0,267.6000061035156,263.04998779296875,264.79998779296875,256.428955078125,588700
2022-01-05,263.54998779296875,265.2200012207031,258.94000244140625,259.1099853515625,250.91888427734375,521800
2022-01-06,258.82000732421875,261.3500061035156,256.4599914550781,257.69000244140625,249.5437774658203,627300
2022-01-07,257.7799987792969,258.9700012207031,252.38999938964844,252.5500030517578,244.5662841796875,586000
2022-01-10,251.8300018310547,256.1000061035156,249.86000061035156,256.0299987792969,247.93626403808594,573800
2022-01-11,255.75999450683594,256.79998779296875,251.75,256.04998779296875,247.95559692382812,521300
2022-01-12,256.67999267578125,258.45001220703125,255.33999633789062,256.8500061035156,248.7303466796875,581600
2022-01-13,256.5199890136719,258.3900146484375,250.69000244140625,250.89999389648438,242.9684295654297,1012000
2022-01-14,249.1999969482422,251.7899932861328,247.39999389648438,251.1300048828125,243.19114685058594,871500
2022-01-18,248.69000244140625,248.85000610351562,245.00999450683594,245.49000549316406,237.72946166992188,1094600
2022-01-19,245.6199951171875,248.0,244.0,244.25,236.5286407470703,895300
2022-01-20,244.77999877929688,246.33999633789062,238.22999572753906,238.85000610351562,231.2993621826172,624000
2022-01-21,239.82000732421875,242.6699981689453,236.80999755859375,237.19000244140625,229.6918487548828,756600
2022-01-24,234.8800048828125,239.8699951171875,230.00999450683594,239.50999450683594,231.9384765625,1247400
2022-01-25,236.58999633789062,238.80999755859375,230.07000732421875,234.0399932861328,226.64141845703125,1009000
2022-01-26,235.44000244140625,235.82000732421875,226.00999450683594,227.5500030517578,220.35655212402344,2121300
2022-01-27,229.64999389648438,231.97999572753906,222.1300048828125,223.08999633789062,216.0375518798828,1508100
2022-01-28,224.16000366210938,227.30999755859375,219.49000549316406,227.1199951171875,219.94017028808594,1032100
2022-01-31,226.9199981689453,232.33999633789062,226.9199981689453,231.94000244140625,224.6077880859375,882800
2022-02-01,231.7899932861328,232.6300048828125,228.11000061035156,231.8000030517578,224.4722137451172,864200
2022-02-02,232.52000427246094,238.08999633789062,232.36000061035156,237.66000366210938,230.14694213867188,1022200
2022-02-03,235.17999267578125,238.1699981689453,235.17999267578125,235.61000061035156,228.16177368164062,725100
2022-02-04,234.52999877929688,238.74000549316406,233.83999633789062,235.57000732421875,228.12306213378906,904500
2022-02-07,235.22999572753906,238.57000732421875,234.02999877929688,236.61000061035156,229.1301727294922,684600
2022-02-08,236.0,237.67999267578125,234.17999267578125,236.38999938964844,228.91712951660156,566500
2022-02-09,237.75999450683594,240.67999267578125,237.41000366210938,238.5,230.96041870117188,995700
2022-02-10,229.66000366210938,231.67999267578125,219.91000366210938,221.86000061035156,214.84646606445312,1837200
2022-02-11,221.27999877929688,224.1999969482422,213.25999450683594,216.0,209.1717071533203,1839700
2022-02-14,216.0,218.2899932861328,211.0800018310547,213.80999755859375,207.05093383789062,1652000
2022-02-15,217.10000610351562,223.38999938964844,217.10000610351562,222.88999938964844,215.84390258789062,2002700
2022-02-16,220.75999450683594,222.1199951171875,216.38999938964844,221.0,214.01364135742188,1408000
2022-02-17,220.0,220.5399932861328,215.82000732421875,215.91000366210938,209.0845489501953,1037000
2022-02-18,216.17999267578125,219.6300048828125,214.47000122070312,217.80999755859375,210.9244842529297,1096600
2022-02-22,216.2100067138672,218.66000366210938,211.3699951171875,213.0800018310547,206.34402465820312,962100
2022-02-23,213.57000732421875,215.47999572753906,207.5,207.63999938964844,201.0759735107422,906100
2022-02-24,202.55999755859375,218.24000549316406,202.4499969482422,217.3000030517578,210.43060302734375,1540000
2022-02-25,217.44000244140625,223.3000030517578,215.10000610351562,222.60000610351562,215.56307983398438,1035100
2022-02-28,219.32000732421875,220.91000366210938,217.2100067138672,220.42999267578125,213.46165466308594,948800
2022-03-01,219.2899932861328,220.66000366210938,214.6699981689453,216.2100067138672,209.3750762939453,1323000
2022-03-02,216.6999969482422,224.00999450683594,216.02000427246094,222.69000244140625,215.65020751953125,1346400
2022-03-03,223.64999389648438,224.3699951171875,219.97000122070312,221.57000732421875,214.5656280517578,791900
2022-03-04,219.36000061035156,223.27999877929688,217.57000732421875,222.9600067138672,215.9116973876953,1072700
2022-03-07,222.42999267578125,223.0,216.1999969482422,216.50999450683594,209.6655731201172,1061600
2022-03-08,216.02000427246094,219.6999969482422,213.3699951171875,214.1300048828125,207.36082458496094,877900
2022-03-09,218.25,223.25999450683594,218.1199951171875,221.6999969482422,214.6915283203125,813300
2022-03-10,218.69000244140625,224.38999938964844,218.69000244140625,222.3000030517578,215.27255249023438,785400
2022-03-11,224.50999450683594,226.6300048828125,221.6300048828125,221.77000427246094,214.7593231201172,933000
2022-03-14,221.7899932861328,224.3800048828125,217.42999267578125,218.75,212.59207153320312,843100
2022-03-15,220.8000030517578,225.3300018310547,220.16000366210938,224.72999572753906,218.40371704101562,1071000
2022-03-16,226.6300048828125,229.16000366210938,220.80999755859375,226.83999633789062,220.45433044433594,739500
2022-03-17,226.85000610351562,231.02999877929688,225.97999572753906,230.77999877929688,224.28341674804688,935600
2022-03-18,233.60000610351562,234.8300018310547,230.74000549316406,233.08999633789062,226.52838134765625,2178600
2022-03-21,232.64999389648438,234.3699951171875,231.1699981689453,232.07000732421875,225.53712463378906,1265500
2022-03-22,233.08999633789062,234.9600067138672,231.9199981689453,232.08999633789062,225.55654907226562,1151500
2022-03-23,229.97999572753906,230.22000122070312,226.3699951171875,226.77999877929688,220.39601135253906,628800
2022-03-24,227.72000122070312,231.07000732421875,226.8000030517578,231.0399932861328,224.53610229492188,678800
2022-03-25,232.0,233.17999267578125,230.5800018310547,232.39999389648438,225.85781860351562,480300
2022-03-28,232.57000732421875,235.1699981689453,231.30999755859375,235.1199951171875,228.50125122070312,625400
2022-03-29,236.99000549316406,238.5,234.86000061035156,238.02999877929688,231.32933044433594,522400
2022-03-30,237.4199981689453,240.91000366210938,237.3000030517578,240.77999877929688,234.00192260742188,687400
2022-03-31,240.61000061035156,245.9499969482422,239.52000427246094,242.1999969482422,235.3819580078125,1341400
2022-04-01,243.66000366210938,244.66000366210938,235.64999389648438,238.13999938964844,231.4362335205078,771600
2022-04-04,238.0,240.1199951171875,237.50999450683594,239.88999938964844,233.136962890625,528400
2022-04-05,238.44000244140625,241.25,236.88999938964844,237.47000122070312,230.78512573242188,668400
2022-04-06,234.77999877929688,240.3300018310547,234.77999877929688,239.0800018310547,232.3497772216797,752100
2022-04-07,238.9199981689453,242.77999877929688,238.4499969482422,241.2899932861328,234.49757385253906,619600
2022-04-08,241.47000122070312,241.91000366210938,239.0399932861328,239.4600067138672,232.7190704345703,526500
2022-04-11,237.77999877929688,237.92999267578125,232.86000061035156,233.35000610351562,226.7810821533203,546700
2022-04-12,233.8300018310547,236.86000061035156,231.49000549316406,232.3699951171875,225.8286895751953,538100
2022-04-13,232.74000549316406,236.4499969482422,232.3300018310547,236.25,229.59945678710938,737100
2022-04-14,236.52999877929688,237.50999450683594,233.0500030517578,233.19000244140625,226.62559509277344,575400
2022-04-18,231.52999877929688,233.94000244140625,228.89999389648438,229.97000122070312,223.4962158203125,460600
2022-04-19,229.97000122070312,234.77000427246094,229.91000366210938,234.22000122070312,227.62657165527344,424600
2022-04-20,236.41000366210938,239.0500030517578,235.1300048828125,236.97999572753906,230.3088836669922,510700
2022-04-21,237.85000610351562,239.3800048828125,232.38999938964844,232.92999267578125,226.37286376953125,628300
2022-04-22,232.1300048828125,233.25,224.55999755859375,224.92999267578125,218.5980987548828,729700
2022-04-25,224.2100067138672,225.11000061035156,220.0,225.0500030517578,218.71475219726562,768900
2022-04-26,225.16000366210938,225.97999572753906,219.1300048828125,219.3300018310547,213.15576171875,839100
2022-04-27,219.8000030517578,220.52999877929688,215.60000610351562,216.13999938964844,210.05552673339844,1386300
2022-04-28,218.00999450683594,224.25,217.0,223.16000366210938,216.87796020507812,729500
2022-04-29,221.41000366210938,222.44000244140625,213.2100067138672,213.69000244140625,207.67453002929688,1105900
2022-05-02,215.08999633789062,217.3000030517578,210.77999877929688,214.77000427246094,208.72410583496094,825600
2022-05-03,214.82000732421875,217.72999572753906,212.5800018310547,215.19000244140625,209.13230895996094,627000
2022-05-04,215.41000366210938,219.83999633789062,212.63999938964844,219.3800048828125,213.204345703125,605100
2022-05-05,216.67999267578125,217.05999755859375,208.7100067138672,210.38999938964844,204.46743774414062,1156800
2022-05-06,207.89999389648438,209.69000244140625,204.69000244140625,206.50999450683594,200.69664001464844,1226300
2022-05-09,203.86000061035156,205.3300018310547,200.22000122070312,202.0800018310547,196.391357421875,1181100
2022-05-10,204.50999450683594,205.6300048828125,201.33999633789062,202.85000610351562,197.13967895507812,943700
2022-05-11,201.8800048828125,206.61000061035156,200.91000366210938,201.9499969482422,196.2650146484375,1059800
2022-05-12,201.0500030517578,204.39999389648438,199.24000549316406,201.5399932861328,195.8665313720703,1588400
2022-05-13,207.05999755859375,216.63999938964844,206.97999572753906,215.2899932861328,209.22947692871094,1959500
2022-05-16,212.88999938964844,214.7899932861328,209.44000244140625,209.5,203.6024627685547,1156900
2022-05-17,213.6199951171875,213.6199951171875,209.82000732421875,213.38999938964844,207.38296508789062,941700
2022-05-18,211.0500030517578,211.4199981689453,202.6300048828125,205.47000122070312,199.68592834472656,1128300
2022-05-19,205.07000732421875,213.58999633789062,203.2899932861328,210.25999450683594,204.34109497070312,1548500
2022-05-20,212.22999572753906,212.91000366210938,205.63999938964844,210.27999877929688,204.36050415039062,1893400
2022-05-23,214.25,214.99000549316406,210.5,212.7899932861328,206.7998504638672,1024000
2022-05-24,211.02000427246094,215.77000427246094,209.55999755859375,214.64999389648438,208.60748291015625,1006900
2022-05-25,214.6999969482422,216.30999755859375,212.66000366210938,213.44000244140625,207.43154907226562,1363100
2022-05-26,215.49000549316406,219.1999969482422,214.74000549316406,217.8800048828125,211.74656677246094,825900
2022-05-27,220.0,223.02000427246094,219.82000732421875,223.00999450683594,216.73216247558594,527600
2022-05-31,220.2100067138672,221.60000610351562,217.9199981689453,219.74000549316406,213.55421447753906,1257400
2022-06-01,221.19000244140625,222.52000427246094,215.6699981689453,217.6199951171875,211.49388122558594,511100
2022-06-02,217.11000061035156,224.3699951171875,215.9199981689453,224.11000061035156,217.8011932373047,630800
2022-06-03,222.16000366210938,226.88999938964844,221.13999938964844,225.5500030517578,219.20065307617188,1030700
2022-06-06,227.13999938964844,227.89999389648438,220.16000366210938,221.25,215.02171325683594,574200
2022-06-07,219.13999938964844,222.0800018310547,217.8699951171875,221.97000122070312,215.721435546875,506000
2022-06-08,220.42999267578125,220.92999267578125,217.5,217.86000061035156,211.7271270751953,415600
2022-06-09,217.57000732421875,218.8699951171875,214.25,214.25,208.21873474121094,508500
2022-06-10,210.72999572753906,211.69000244140625,207.3800048828125,209.25,203.35951232910156,574200
2022-06-13,204.4600067138672,205.52999877929688,201.60000610351562,202.61000061035156,196.9064178466797,902200
2022-06-14,202.77999877929688,205.5500030517578,201.30999755859375,203.30999755859375,198.3601531982422,893500
2022-06-15,205.4600067138672,206.52000427246094,200.32000732421875,203.11000061035156,198.1650390625,694500
2022-06-16,198.8800048828125,199.7100067138672,195.17999267578125,197.0,192.20379638671875,846900
2022-06-17,197.74000549316406,204.6699981689453,197.52000427246094,202.83999633789062,197.90159606933594,1955600
2022-06-21,204.47999572753906,206.75,203.97000122070312,205.17999267578125,200.18460083007812,1127900
2022-06-22,205.58999633789062,211.9499969482422,204.08999633789062,209.80999755859375,204.70187377929688,942300
2022-06-23,210.52000427246094,212.80999755859375,210.0800018310547,211.0800018310547,205.94097900390625,630200
2022-06-24,212.91000366210938,217.50999450683594,212.91000366210938,217.3300018310547,212.03880310058594,963900
2022-06-27,217.17999267578125,218.4499969482422,213.86000061035156,217.1199951171875,211.8339385986328,598800
2022-06-28,217.41000366210938,218.5800018310547,210.19000244140625,210.24000549316406,205.12142944335938,472600
2022-06-29,209.8800048828125,210.0500030517578,206.77999877929688,209.72999572753906,204.62384033203125,485100
2022-06-30,207.30999755859375,211.05999755859375,206.89999389648438,209.60000610351562,204.49700927734375,753600
2022-07-01,208.61000061035156,210.47000122070312,206.5800018310547,210.0800018310547,204.96531677246094,503100
2022-07-05,206.5500030517578,212.22999572753906,205.25,212.22999572753906,207.06298828125,738400
2022-07-06,213.3699951171875,217.49000549316406,212.58999633789062,216.9199981689453,211.6387939453125,767600
2022-07-07,216.94000244140625,220.6300048828125,216.58999633789062,219.41000366210938,214.0681915283203,716200
2022-07-08,217.47999572753906,217.97000122070312,214.5800018310547,214.64999389648438,209.42405700683594,586300
2022-07-11,213.27999877929688,216.67999267578125,212.91000366210938,213.4499969482422,208.25326538085938,645200
2022-07-12,213.49000549316406,215.42999267578125,207.33999633789062,208.1699981689453,203.10182189941406,726300
2022-07-13,204.82000732421875,212.64999389648438,204.5500030517578,211.02999877929688,205.89219665527344,567200
2022-07-14,207.30999755859375,210.49000549316406,206.6199951171875,209.77000427246094,204.66285705566406,428200
2022-07-15,212.69000244140625,215.08999633789062,211.3699951171875,215.02000427246094,209.7850799560547,502600
2022-07-18,215.22999572753906,215.22999572753906,211.17999267578125,211.88999938964844,206.73126220703125,438000
2022-07-19,214.5500030517578,218.6300048828125,213.9199981689453,218.27999877929688,212.96566772460938,549800
2022-07-20,218.11000061035156,219.17999267578125,216.7100067138672,217.02999877929688,211.74610900878906,629600
2022-07-21,216.94000244140625,222.25999450683594,216.94000244140625,222.22000122070312,216.8097381591797,489100
2022-07-22,222.5,222.91000366210938,220.25,221.16000366210938,215.77557373046875,387000
2022-07-25,221.1699981689453,223.80999755859375,219.49000549316406,223.50999450683594,218.06834411621094,587800
2022-07-26,222.52000427246094,224.4499969482422,222.0500030517578,224.27000427246094,218.8098602294922,552700
2022-07-27,224.89999389648438,230.5,223.3800048828125,230.25,224.6442413330078,601400
2022-07-28,231.49000549316406,237.27999877929688,230.57000732421875,236.32000732421875,230.5664825439453,948300
2022-07-29,237.3699951171875,239.61000061035156,236.3300018310547,238.58999633789062,232.78118896484375,810700
2022-08-01,236.8000030517578,239.0,236.1199951171875,236.6300048828125,230.86892700195312,890600
2022-08-02,237.55999755859375,238.99000549316406,234.1999969482422,237.4600067138672,231.67872619628906,646600
2022-08-03,237.85000610351562,240.02999877929688,236.7100067138672,238.4499969482422,232.6446075439453,623800
2022-08-04,238.3800048828125,240.57000732421875,236.91000366210938,239.69000244140625,233.85443115234375,944400
2022-08-05,243.0,251.4600067138672,238.5399932861328,250.2100067138672,244.11831665039062,1706600
2022-08-08,249.0500030517578,249.9600067138672,243.91000366210938,248.14999389648438,242.1084747314453,1020000
2022-08-09,247.47000122070312,251.0500030517578,246.13999938964844,249.25,243.18167114257812,882600
2022-08-10,252.80999755859375,254.94000244140625,250.13999938964844,253.0,246.8403778076172,759900
2022-08-11,253.1699981689453,254.3699951171875,252.14999389648438,252.27999877929688,246.1378936767578,812200
2022-08-12,253.7899932861328,255.97999572753906,252.3699951171875,255.97000122070312,249.7380828857422,897400
2022-08-15,254.89999389648438,256.69000244140625,253.89999389648438,255.3699951171875,249.15269470214844,470700
2022-08-16,254.8800048828125,257.79998779296875,254.3699951171875,256.5899963378906,250.3429718017578,398000
2022-08-17,253.99000549316406,256.2900085449219,252.8699951171875,255.4199981689453,249.2014617919922,457200
2022-08-18,256.25,258.489990234375,255.11000061035156,256.239990234375,250.00146484375,485900
2022-08-19,255.86000061035156,255.86000061035156,253.0,253.25,247.0843048095703,612400
2022-08-22,249.77999877929688,250.82000732421875,248.1699981689453,248.66000366210938,242.60604858398438,444900
2022-08-23,246.6199951171875,248.63999938964844,245.52000427246094,246.1699981689453,240.17665100097656,369100
2022-08-24,247.0,249.97000122070312,246.39999389648438,248.6300048828125,242.57676696777344,706500
2022-08-25,249.4499969482422,254.52000427246094,248.77000427246094,254.3800048828125,248.18679809570312,699000
2022-08-26,254.36000061035156,255.35000610351562,248.2899932861328,248.32000732421875,242.27432250976562,802400
2022-08-29,245.60000610351562,249.17999267578125,244.86000061035156,247.07000732421875,241.05477905273438,463400
2022-08-30,248.5500030517578,248.91000366210938,244.07000732421875,245.1300048828125,239.1619873046875,514900
2022-08-31,246.8800048828125,246.8800048828125,243.05999755859375,243.41000366210938,237.48388671875,789900
2022-09-01,243.19000244140625,244.25,239.72999572753906,244.1699981689453,238.22535705566406,664300
2022-09-02,246.25,248.25,242.6300048828125,243.77000427246094,237.83506774902344,594000
2022-09-06,243.77999877929688,244.55999755859375,240.30999755859375,243.57000732421875,237.6399688720703,806900
2022-09-07,244.19000244140625,250.4600067138672,243.97999572753906,249.5500030517578,243.474365234375,573500
2022-09-08,248.49000549316406,250.64999389648438,247.6999969482422,250.36000061035156,244.26466369628906,516900
2022-09-09,251.07000732421875,251.44000244140625,248.69000244140625,250.22000122070312,244.12806701660156,640800
2022-09-12,252.0,253.67999267578125,251.33999633789062,253.50999450683594,247.33795166015625,724200
2022-09-13,249.33999633789062,250.85000610351562,244.92999267578125,246.0800018310547,240.0888671875,736000
2022-09-14,243.52999877929688,245.6699981689453,240.3000030517578,242.30999755859375,237.17202758789062,993500
2022-09-15,241.57000732421875,241.58999633789062,236.94000244140625,238.16000366210938,233.11004638671875,898900
2022-09-16,237.3000030517578,239.5399932861328,235.4499969482422,239.1999969482422,234.1280059814453,1250500
2022-09-19,236.83999633789062,240.91000366210938,236.38999938964844,240.57000732421875,235.46896362304688,697800
2022-09-20,239.92999267578125,240.32000732421875,237.74000549316406,239.50999450683594,234.43141174316406,570200
2022-09-21,240.1199951171875,243.83999633789062,237.77999877929688,237.86000061035156,232.81640625,656400
2022-09-22,236.3800048828125,237.07000732421875,231.97000122070312,232.02000427246094,227.10025024414062,731300
2022-09-23,229.80999755859375,230.3000030517578,225.6699981689453,228.75999450683594,223.9093475341797,692200
2022-09-26,229.22999572753906,230.0399932861328,224.47000122070312,225.80999755859375,221.02191162109375,665200
2022-09-27,228.22000122070312,228.99000549316406,223.6699981689453,225.66000366210938,220.87510681152344,674100
2022-09-28,228.1999969482422,230.50999450683594,226.1999969482422,229.6199951171875,224.75112915039062,712600
2022-09-29,227.9600067138672,228.0500030517578,223.3000030517578,225.3000030517578,220.52272033691406,656800
2022-09-30,225.89999389648438,228.6199951171875,223.67999267578125,223.97000122070312,219.220947265625,1074800
2022-10-03,227.3699951171875,230.52000427246094,225.92999267578125,228.97000122070312,224.11489868164062,877500
2022-10-04,232.69000244140625,236.27000427246094,232.11000061035156,235.4199981689453,230.4281463623047,607300
2022-10-05,232.74000549316406,238.19000244140625,232.52000427246094,236.86000061035156,231.83761596679688,476100
2022-10-06,236.6699981689453,238.13999938964844,233.5500030517578,234.1999969482422,229.2340087890625,459400
2022-10-07,232.1300048828125,232.1300048828125,228.16000366210938,229.85000610351562,224.97625732421875,554100
2022-10-10,230.72999572753906,230.72999572753906,226.4499969482422,227.02000427246094,222.2062530517578,402800
2022-10-11,225.97000122070312,226.91000366210938,222.55999755859375,224.25,219.4949951171875,666200
2022-10-12,225.4499969482422,226.27999877929688,223.2899932861328,223.3300018310547,218.59451293945312,709100
2022-10-13,219.89999389648438,225.9199981689453,217.00999450683594,225.3699951171875,220.5912322998047,783300
2022-10-14,225.88999938964844,225.88999938964844,212.75999450683594,213.27999877929688,208.75759887695312,1105900
2022-10-17,217.30999755859375,222.1999969482422,217.30999755859375,220.74000549316406,216.05943298339844,832600
2022-10-18,225.47000122070312,227.5,222.5500030517578,225.3000030517578,220.52272033691406,564500
2022-10-19,223.82000732421875,225.3000030517578,222.07000732421875,223.85000610351562,219.10348510742188,471900
2022-10-20,223.07000732421875,224.4600067138672,219.7899932861328,221.1699981689453,216.4803009033203,653800
2022-10-21,221.32000732421875,227.0800018310547,219.42999267578125,226.3800048828125,221.579833984375,728800
2022-10-24,228.6699981689453,235.6699981689453,228.6699981689453,235.0500030517578,230.0659942626953,735300
2022-10-25,234.89999389648438,240.3000030517578,234.89999389648438,239.67999267578125,234.59780883789062,683400
2022-10-26,240.0399932861328,241.38999938964844,238.4199981689453,240.3000030517578,235.20468139648438,794600
2022-10-27,242.44000244140625,244.5800018310547,241.50999450683594,242.17999267578125,237.0447998046875,854500
2022-10-28,243.6300048828125,250.4499969482422,243.0,250.1199951171875,244.8164520263672,990800
2022-10-31,248.8699951171875,251.8699951171875,245.6199951171875,249.7100067138672,244.41513061523438,1125000
2022-11-01,250.75999450683594,250.97999572753906,242.5399932861328,242.88999938964844,237.73974609375,968700
2022-11-02,242.4600067138672,247.27000427246094,239.89999389648438,239.89999389648438,234.8131561279297,677500
2022-11-03,237.80999755859375,239.55999755859375,235.5,238.17999267578125,233.12962341308594,920100
2022-11-04,251.94000244140625,258.5299987792969,244.02999877929688,254.8699951171875,249.46571350097656,1864900
2022-11-07,255.66000366210938,257.5400085449219,253.02000427246094,255.52999877929688,250.11172485351562,818300
2022-11-08,255.8699951171875,260.45001220703125,253.39999389648438,256.79998779296875,251.35479736328125,776000
2022-11-09,255.86000061035156,255.97999572753906,252.64999389648438,253.6199951171875,248.24224853515625,765900
2022-11-10,260.05999755859375,261.45001220703125,257.2799987792969,259.6099853515625,254.10520935058594,907100
2022-11-11,260.0,260.0199890136719,245.75999450683594,249.52999877929688,244.23895263671875,2209500
2022-11-14,250.1199951171875,255.60000610351562,250.1199951171875,250.9499969482422,245.6288604736328,718500
2022-11-15,253.1300048828125,253.3000030517578,248.75,250.41000366210938,245.1002960205078,704400
2022-11-16,251.10000610351562,256.44000244140625,250.94000244140625,255.75999450683594,250.33685302734375,599800
2022-11-17,254.6300048828125,256.82000732421875,252.72000122070312,255.50999450683594,250.09213256835938,553100
2022-11-18,258.1199951171875,263.989990234375,257.0,262.94000244140625,257.3646240234375,931700
2022-11-21,262.6400146484375,265.3399963378906,261.82000732421875,262.3800048828125,256.8164978027344,515300
2022-11-22,263.8599853515625,265.54998779296875,262.82000732421875,265.05999755859375,259.43963623046875,620100
2022-11-23,265.4800109863281,267.44000244140625,265.1199951171875,266.0,260.35968017578125,447100
2022-11-25,267.2900085449219,268.9100036621094,266.1499938964844,268.42999267578125,262.73822021484375,212100
2022-11-28,266.8999938964844,268.5299987792969,265.05999755859375,265.9800109863281,260.34014892578125,897700
2022-11-29,264.8299865722656,266.3599853515625,263.5400085449219,264.4599914550781,258.8523864746094,706100
2022-11-30,263.67999267578125,272.5799865722656,263.67999267578125,272.20001220703125,266.4282531738281,1349500
2022-12-01,273.4100036621094,275.1600036621094,271.2900085449219,271.7799987792969,266.0171813964844,748000
2022-12-02,268.760009765625,274.1099853515625,268.760009765625,272.70001220703125,266.9176940917969,602500
2022-12-05,269.7799987792969,272.25,267.19000244140625,268.2300109863281,262.54248046875,527400
2022-12-06,268.8500061035156,269.989990234375,263.2799987792969,266.1700134277344,260.526123046875,673400
2022-12-07,266.2699890136719,269.29998779296875,263.69000244140625,266.7900085449219,261.1330261230469,614500
2022-12-08,268.760009765625,270.1000061035156,266.9200134277344,269.7900085449219,264.0693359375,450400
2022-12-09,269.5,271.2699890136719,265.4599914550781,265.57000732421875,259.9388427734375,465400
2022-12-12,267.260009765625,271.0,265.3399963378906,270.8399963378906,265.09710693359375,441000
2022-12-13,275.0,275.0,265.20001220703125,267.1499938964844,261.4853210449219,927100
2022-12-14,267.2099914550781,273.07000732421875,263.9599914550781,265.8299865722656,261.0532531738281,970700
2022-12-15,263.2300109863281,263.6400146484375,256.1099853515625,257.1400146484375,252.51942443847656,700200
2022-12-16,253.77000427246094,255.07000732421875,252.14999389648438,252.44000244140625,247.9038848876953,1191000
2022-12-19,253.24000549316406,255.9600067138672,252.55999755859375,254.58999633789062,250.0152130126953,644900
2022-12-20,255.4199981689453,256.75,253.85000610351562,255.82000732421875,251.22315979003906,419200
2022-12-21,256.9200134277344,260.0299987792969,256.3999938964844,257.5,252.87295532226562,432700
2022-12-22,256.3299865722656,256.3299865722656,251.47000122070312,255.4199981689453,250.83030700683594,610700
2022-12-23,255.47999572753906,256.9599914550781,254.47999572753906,256.6300048828125,252.01856994628906,230600
2022-12-27,257.55999755859375,257.55999755859375,254.6199951171875,256.6300048828125,252.01856994628906,271100
2022-12-28,256.1099853515625,257.29998779296875,253.5500030517578,253.8000030517578,249.2394256591797,290500
2022-12-29,255.97999572753906,259.739990234375,255.97999572753906,258.80999755859375,254.15936279296875,322100
2022-12-30,257.7300109863281,257.82000732421875,254.83999633789062,257.7099914550781,253.07913208007812,360900
2023-01-03,258.2900085449219,259.6000061035156,255.55999755859375,257.3999938964844,252.77471923828125,531500
2023-01-04,259.3999938964844,260.6700134277344,256.07000732421875,258.0199890136719,253.38357543945312,646500
2023-01-05,256.94000244140625,257.4599914550781,254.25999450683594,255.1199951171875,250.53570556640625,498000
2023-01-06,258.8599853515625,265.0899963378906,256.6600036621094,263.8399963378906,259.0990295410156,359300
2023-01-09,264.45001220703125,268.1300048828125,260.2900085449219,260.6099853515625,255.9270477294922,492100
2023-01-10,260.9599914550781,262.3999938964844,259.6600036621094,262.3500061035156,257.63580322265625,411600
2023-01-11,258.29998779296875,264.5,257.1300048828125,264.3399963378906,259.5900573730469,830300
2023-01-12,265.7799987792969,266.6199951171875,262.5299987792969,264.7099914550781,259.953369140625,884700
2023-01-13,260.7900085449219,266.55999755859375,260.010009765625,266.010009765625,261.23004150390625,556300
2023-01-17,265.95001220703125,267.55999755859375,262.4599914550781,263.2900085449219,258.5589294433594,749500
2023-01-18,263.8699951171875,264.42999267578125,256.5199890136719,256.8599853515625,252.24444580078125,533400
2023-01-19,255.4600067138672,256.760009765625,251.64999389648438,252.52999877929688,247.9922332763672,829200
2023-01-20,252.64999389648438,255.4600067138672,251.0,255.30999755859375,250.7222900390625,488300
2023-01-23,255.1199951171875,258.8800048828125,253.9199981689453,256.82000732421875,252.20516967773438,419500
2023-01-24,255.57000732421875,257.29998779296875,252.16000366210938,256.2300109863281,251.62576293945312,418800
2023-01-25,254.49000549316406,259.0199890136719,254.27000427246094,258.57000732421875,253.92372131347656,479200
2023-01-26,260.95001220703125,261.4599914550781,255.5,257.25,252.62744140625,620200
2023-01-27,256.67999267578125,257.7200012207031,254.0,254.39999389648438,249.82864379882812,508000
2023-01-30,253.64999389648438,255.19000244140625,251.9499969482422,252.24000549316406,247.7074737548828,732800
2023-01-31,253.27000427246094,257.0299987792969,252.6699981689453,257.010009765625,252.3917694091797,713700
2023-02-01,255.50999450683594,260.57000732421875,253.88999938964844,259.7699890136719,255.10215759277344,583000
2023-02-02,260.5400085449219,261.0199890136719,254.3300018310547,255.9199981689453,251.32131958007812,856800
2023-02-03,255.2899932861328,258.3800048828125,254.3800048828125,256.44000244140625,251.8319854736328,588700
2023-02-06,255.5399932861328,259.55999755859375,254.9499969482422,258.239990234375,253.59963989257812,620000
2023-02-07,255.72999572753906,258.8999938964844,251.25,257.79998779296875,253.1675262451172,778500
2023-02-08,256.6099853515625,260.0199890136719,255.27999877929688,258.0,253.3639373779297,633500
2023-02-09,259.5,261.6300048828125,257.1300048828125,257.1499938964844,252.5292205810547,817300
2023-02-10,264.5400085449219,273.0,262.2300109863281,271.5199890136719,266.6410217285156,1398000
2023-02-13,272.0,273.79998779296875,268.6199951171875,271.57000732421875,266.69012451171875,993500
2023-02-14,270.8500061035156,272.1300048828125,268.25,270.4200134277344,265.5607604980469,690300
2023-02-15,269.0899963378906,272.010009765625,269.05999755859375,272.010009765625,267.12225341796875,719300
2023-02-16,270.1099853515625,271.1400146484375,266.3900146484375,267.3599853515625,262.5557556152344,596900
2023-02-17,267.5400085449219,271.19000244140625,265.5,269.4200134277344,264.5787658691406,785600
2023-02-21,269.0,269.2699890136719,266.1499938964844,268.4200134277344,263.59674072265625,676300
2023-02-22,268.55999755859375,268.9800109863281,262.79998779296875,264.1099853515625,259.3641052246094,818300
2023-02-23,265.70001220703125,266.1099853515625,262.1300048828125,264.0,259.256103515625,852400
2023-02-24,261.9100036621094,263.3299865722656,259.760009765625,261.79998779296875,257.0956726074219,840400
2023-02-27,264.4700012207031,265.1000061035156,261.6400146484375,262.94000244140625,258.2152099609375,561600
2023-02-28,262.6600036621094,265.0199890136719,262.260009765625,262.80999755859375,258.0875244140625,732200
2023-03-01,261.2200012207031,263.57000732421875,260.69000244140625,263.3500061035156,258.6177978515625,544400
2023-03-02,262.7300109863281,264.5,261.260009765625,263.55999755859375,258.82403564453125,436000
2023-03-03,264.9200134277344,266.6000061035156,264.1099853515625,266.55999755859375,261.7701416015625,495400
2023-03-06,267.8500061035156,269.739990234375,267.04998779296875,268.0,263.18426513671875,498600
2023-03-07,269.2099914550781,269.7099914550781,264.010009765625,265.9599914550781,261.180908203125,706800
2023-03-08,266.8599853515625,268.25,265.6499938964844,267.5899963378906,262.7816162109375,494600
2023-03-09,268.75,271.010009765625,264.989990234375,265.17999267578125,260.4149475097656,550200
2023-03-10,264.9599914550781,265.55999755859375,260.739990234375,261.4800109863281,256.78143310546875,546300
2023-03-13,259.25,264.3500061035156,257.8900146484375,261.1499938964844,256.45733642578125,840700
2023-03-14,263.2900085449219,267.3699951171875,261.69000244140625,266.25,262.3497314453125,890700
2023-03-15,263.1700134277344,263.5,255.85000610351562,258.7200012207031,254.9300537109375,1030200
2023-03-16,261.30999755859375,269.2799987792969,260.8500061035156,268.5799865722656,264.6456298828125,952500
2023-03-17,268.9100036621094,269.5,262.1499938964844,264.239990234375,260.3691711425781,1475700
2023-03-20,265.0,270.29998779296875,264.95001220703125,268.1099853515625,264.1824951171875,743300
2023-03-21,270.8299865722656,273.0299987792969,268.9100036621094,271.6600036621094,267.6805114746094,781500
2023-03-22,271.0,273.1099853515625,267.3500061035156,267.5400085449219,263.620849609375,463600
2023-03-23,267.6700134277344,272.25,266.010009765625,268.1600036621094,264.2317810058594,601500
2023-03-24,268.1600036621094,271.94000244140625,265.95001220703125,271.67999267578125,267.7001953125,625300
2023-03-27,273.5199890136719,275.8299865722656,273.05999755859375,274.20001220703125,270.1833190917969,521200
2023-03-28,274.20001220703125,275.1499938964844,272.30999755859375,272.8800048828125,268.88262939453125,559700
2023-03-29,275.239990234375,277.6300048828125,274.5199890136719,276.80999755859375,272.75506591796875,498900
2023-03-30,280.0,282.1600036621094,278.95001220703125,281.6499938964844,277.52410888671875,826000
2023-03-31,283.1600036621094,286.239990234375,282.69000244140625,286.1300048828125,281.9385681152344,730600
2023-04-03,283.80999755859375,286.2099914550781,283.739990234375,285.42999267578125,281.2487487792969,672600
2023-04-04,286.2099914550781,286.2099914550781,282.260009765625,285.8999938964844,281.7118835449219,650100
2023-04-05,286.010009765625,286.2099914550781,283.0799865722656,286.1400146484375,281.9483947753906,1043300
2023-04-06,283.95001220703125,284.55999755859375,281.94000244140625,283.4599914550781,279.3076171875,795100
2023-04-10,283.0,283.94000244140625,281.4200134277344,283.6199951171875,279.4653015136719,590900
2023-04-11,283.0,284.739990234375,282.55999755859375,283.5,279.3470458984375,625100
2023-04-12,284.7200012207031,287.4200134277344,283.17999267578125,285.7200012207031,281.5345153808594,639300
2023-04-13,287.2099914550781,289.739990234375,285.760009765625,289.3999938964844,285.16058349609375,755700
2023-04-14,289.92999267578125,292.1499938964844,288.9700012207031,291.4599914550781,287.1904296875,969500
2023-04-17,291.3900146484375,292.29998779296875,289.4599914550781,290.9200134277344,286.6583557128906,656500
2023-04-18,292.2300109863281,293.32000732421875,289.0299987792969,290.5,286.2445068359375,563700
2023-04-19,289.69000244140625,289.7799987792969,287.45001220703125,288.8699951171875,284.63836669921875,512900
2023-04-20,287.70001220703125,288.760009765625,286.07000732421875,287.7200012207031,283.5052185058594,600100
2023-04-21,289.7300109863281,292.9800109863281,288.8500061035156,292.75,288.4615173339844,615200
2023-04-24,293.0,294.5400085449219,291.45001220703125,293.3999938964844,289.1020202636719,501800
2023-04-25,293.6199951171875,293.6199951171875,289.0,289.29998779296875,285.06207275390625,564700
2023-04-26,286.8599853515625,289.2099914550781,286.6499938964844,287.69000244140625,283.4756774902344,610200
2023-04-27,288.8599853515625,293.79998779296875,287.4200134277344,293.6499938964844,289.3483581542969,841100
2023-04-28,292.5799865722656,293.6400146484375,288.7699890136719,291.3999938964844,287.13134765625,887000
2023-05-01,292.5,295.1000061035156,292.42999267578125,294.57000732421875,290.2549133300781,460900
2023-05-02,293.94000244140625,294.6600036621094,290.1700134277344,293.1600036621094,288.86553955078125,665800
2023-05-03,295.0,295.0,288.4800109863281,288.6199951171875,284.3920593261719,595600
2023-05-04,288.1300048828125,292.6700134277344,287.8399963378906,290.4100036621094,286.1557922363281,968800
2023-05-05,285.1199951171875,288.8599853515625,276.9800109863281,281.55999755859375,277.4354553222656,1501300
2023-05-08,284.010009765625,287.1600036621094,282.79998779296875,284.8999938964844,280.7265319824219,1096100
2023-05-09,284.5299987792969,287.1300048828125,283.9200134277344,286.57000732421875,282.3721008300781,590300
2023-05-10,288.0299987792969,291.3599853515625,287.20001220703125,289.54998779296875,285.30841064453125,546000
2023-05-11,289.9100036621094,289.9100036621094,287.04998779296875,288.4200134277344,284.1949768066406,461100
2023-05-12,290.1300048828125,293.29998779296875,289.32000732421875,292.9599914550781,288.6684875488281,610100
2023-05-15,292.6000061035156,293.6099853515625,288.989990234375,291.8800048828125,287.60430908203125,508600
2023-05-16,291.5899963378906,292.4200134277344,290.45001220703125,291.3800048828125,287.1116027832031,455900
2023-05-17,293.20001220703125,293.510009765625,289.2200012207031,292.6499938964844,288.3630065917969,651300
2023-05-18,290.9700012207031,296.8800048828125,290.9700012207031,296.5299987792969,292.1861572265625,654100
2023-05-19,298.5,299.42999267578125,297.1400146484375,297.45001220703125,293.09271240234375,727800
2023-05-22,296.42999267578125,297.6700134277344,293.1400146484375,293.760009765625,289.4567565917969,792100
2023-05-23,291.57000732421875,291.70001220703125,285.010009765625,285.42999267578125,281.2487487792969,751700
2023-05-24,284.82000732421875,285.0799865722656,281.8800048828125,283.5799865722656,279.4258728027344,595600
2023-05-25,284.67999267578125,284.8999938964844,281.8699951171875,282.0,277.8690490722656,946700
2023-05-26,283.8699951171875,287.739990234375,283.6099853515625,284.57000732421875,280.4013671875,932100
2023-05-30,284.79998779296875,287.510009765625,283.2099914550781,285.0299987792969,280.8546447753906,1052800
2023-05-31,285.29998779296875,286.8500061035156,281.5799865722656,281.9200134277344,277.7901916503906,2279500
2023-06-01,281.9200134277344,282.8399963378906,279.82000732421875,282.2200012207031,278.0858154296875,912600
2023-06-02,281.489990234375,284.0199890136719,280.8900146484375,282.7300109863281,278.5883483886719,1361500
2023-06-05,285.0199890136719,286.5400085449219,283.07000732421875,283.25,279.1007080078125,681400
2023-06-06,282.70001220703125,283.4100036621094,275.8800048828125,278.25,274.1739196777344,982200
2023-06-07,278.25,281.1499938964844,278.1199951171875,280.8599853515625,276.7457275390625,650300
2023-06-08,280.32000732421875,280.6199951171875,278.2200012207031,279.2099914550781,275.119873046875,1193600
2023-06-09,279.9700012207031,280.1000061035156,276.75,277.989990234375,273.9177551269531,716200
2023-06-12,278.42999267578125,281.3299865722656,277.0,281.29998779296875,277.1792907714844,736800
2023-06-13,281.3900146484375,282.17999267578125,278.2300109863281,279.989990234375,275.888427734375,695200
2023-06-14,279.1099853515625,280.4100036621094,276.6099853515625,278.30999755859375,275.0976867675781,1375400
2023-06-15,277.9800109863281,282.6600036621094,277.42999267578125,282.2699890136719,279.0119934082031,889400
2023-06-16,283.0,284.70001220703125,279.55999755859375,280.25,277.0152893066406,1303100
2023-06-20,279.95001220703125,280.6700134277344,277.5199890136719,279.1099853515625,275.8884582519531,744900
2023-06-21,278.8900146484375,282.6499938964844,276.79998779296875,281.1600036621094,277.914794921875,927400
2023-06-22,281.75,283.7200012207031,280.5199890136719,283.67999267578125,280.4057312011719,679600
2023-06-23,281.8699951171875,282.4599914550781,276.3999938964844,278.6099853515625,275.3941955566406,4768400
2023-06-26,279.9200134277344,282.7799987792969,279.5400085449219,280.3900146484375,277.1537170410156,526100
2023-06-27,281.2900085449219,285.0299987792969,280.92999267578125,283.8800048828125,280.6034240722656,549000
2023-06-28,282.1199951171875,285.07000732421875,281.2300109863281,283.5400085449219,280.2673645019531,442500
2023-06-29,284.54998779296875,288.9599914550781,284.3599853515625,288.5899963378906,285.2590637207031,539100
2023-06-30,290.739990234375,294.3500061035156,289.4100036621094,293.2799987792969,289.8949279785156,874800
2023-07-03,290.8900146484375,292.760009765625,289.3299865722656,292.760009765625,289.38092041015625,328400
2023-07-05,291.32000732421875,293.0299987792969,289.1400146484375,292.739990234375,289.3611145019531,945800
2023-07-06,291.05999755859375,296.3299865722656,289.8900146484375,295.6199951171875,292.2078857421875,811700
2023-07-07,293.1199951171875,294.2300109863281,291.67999267578125,291.8699951171875,288.5011901855469,654600
2023-07-10,292.3599853515625,296.2099914550781,292.3599853515625,294.9700012207031,291.5654296875,512700
2023-07-11,295.489990234375,297.2099914550781,294.57000732421875,296.29998779296875,292.88006591796875,665500
2023-07-12,296.260009765625,298.1199951171875,294.1700134277344,294.8599853515625,291.4566650390625,749800
2023-07-13,295.7300109863281,297.30999755859375,291.9200134277344,292.1600036621094,288.7878112792969,644400
2023-07-14,289.82000732421875,292.1499938964844,289.17999267578125,291.05999755859375,287.7005310058594,598600
2023-07-17,290.3900146484375,292.4100036621094,290.1499938964844,291.489990234375,288.1255798339844,544800
2023-07-18,291.2900085449219,291.70001220703125,288.94000244140625,290.7099914550781,287.3545837402344,405800
2023-07-19,291.4800109863281,293.1700134277344,289.010009765625,291.9599914550781,288.59014892578125,452400
2023-07-20,291.760009765625,295.82000732421875,290.8500061035156,295.510009765625,292.0991516113281,611200
2023-07-21,296.6400146484375,298.3900146484375,295.9200134277344,296.19000244140625,292.7713317871094,531000
2023-07-24,296.69000244140625,296.7900085449219,294.3599853515625,295.55999755859375,292.1485900878906,362600
2023-07-25,295.1600036621094,298.1700134277344,294.5799865722656,297.9599914550781,294.5208740234375,365600
2023-07-26,297.0299987792969,297.6700134277344,293.4200134277344,295.3999938964844,291.990478515625,608600
2023-07-27,296.0400085449219,296.82000732421875,291.510009765625,291.69000244140625,288.3232421875,773600
2023-07-28,291.8299865722656,294.79998779296875,290.7699890136719,291.04998779296875,287.6906433105469,898800
2023-07-31,290.67999267578125,290.67999267578125,283.0,286.6300048828125,283.3216552734375,1800500
2023-08-01,288.7900085449219,291.0,286.7799987792969,288.1300048828125,284.80438232421875,882700
2023-08-02,287.1499938964844,289.239990234375,285.3299865722656,287.6499938964844,284.32989501953125,651100
2023-08-03,284.8599853515625,289.510009765625,283.3999938964844,287.7099914550781,284.3891906738281,799300
2023-08-04,293.1300048828125,294.1000061035156,278.4599914550781,278.8500061035156,275.6315002441406,1307800
2023-08-07,280.1499938964844,282.8800048828125,276.92999267578125,280.4100036621094,277.1734619140625,895300
2023-08-08,280.0799865722656,283.6000061035156,277.5799865722656,277.79998779296875,274.59356689453125,747500
2023-08-09,277.6300048828125,283.67999267578125,277.260009765625,281.2200012207031,277.9741516113281,1085400
2023-08-10,281.9200134277344,283.95001220703125,280.5400085449219,281.989990234375,278.7351989746094,838400
2023-08-11,282.0,286.2099914550781,282.0,285.9599914550781,282.6593933105469,645400
2023-08-14,286.57000732421875,288.1700134277344,284.4200134277344,285.0400085449219,281.7500305175781,651700
2023-08-15,284.8299865722656,285.6499938964844,281.1400146484375,281.2900085449219,278.0433349609375,472100
2023-08-16,281.07000732421875,284.1499938964844,280.989990234375,281.6400146484375,278.3892517089844,798600
2023-08-17,283.3299865722656,284.4800109863281,277.2200012207031,277.4599914550781,274.25750732421875,848600
2023-08-18,276.19000244140625,279.67999267578125,276.0299987792969,277.67999267578125,274.4749450683594,1310100
2023-08-21,277.9200134277344,279.239990234375,276.0899963378906,277.1600036621094,273.96099853515625,476700
2023-08-22,278.1300048828125,278.8800048828125,275.5400085449219,275.8900146484375,272.7056884765625,764700
2023-08-23,276.739990234375,278.1499938964844,275.6300048828125,277.7900085449219,274.5837097167969,624700
2023-08-24,278.3900146484375,279.9200134277344,275.4800109863281,275.6000061035156,272.4189758300781,438800
2023-08-25,276.7900085449219,280.0899963378906,276.7900085449219,278.7799987792969,275.5622863769531,456800
2023-08-28,278.8699951171875,281.67999267578125,278.5899963378906,280.8800048828125,277.6380310058594,430600
2023-08-29,281.3299865722656,283.0,280.489990234375,282.0299987792969,278.7747497558594,566600
2023-08-30,282.42999267578125,284.8699951171875,281.8599853515625,283.19000244140625,279.9213562011719,395700
2023-08-31,284.739990234375,284.739990234375,282.30999755859375,283.57000732421875,280.2969970703125,815500
2023-09-01,284.0899963378906,284.7699890136719,282.239990234375,283.67999267578125,280.4057312011719,438500
2023-09-05,283.9100036621094,284.1600036621094,280.9700012207031,281.07000732421875,277.8258361816406,441700
2023-09-06,280.54998779296875,282.3999938964844,278.70001220703125,280.9200134277344,277.6776123046875,531900
2023-09-07,281.1700134277344,284.70001220703125,280.989990234375,282.4100036621094,279.1503601074219,774000
2023-09-08,282.5899963378906,284.95001220703125,280.2200012207031,282.5,279.23931884765625,826000
2023-09-11,282.7699890136719,284.239990234375,281.70001220703125,283.510009765625,280.2377014160156,531100
2023-09-12,282.3599853515625,283.6400146484375,280.760009765625,281.29998779296875,278.0531921386719,453100
2023-09-13,281.3699951171875,282.0799865722656,278.5199890136719,280.0799865722656,276.8472595214844,544000
2023-09-14,280.7099914550781,285.3399963378906,280.1499938964844,284.8299865722656,282.4298095703125,517400
2023-09-15,283.7300109863281,285.739990234375,282.6300048828125,283.2099914550781,280.823486328125,1036700
2023-09-18,283.4200134277344,289.010009765625,281.8699951171875,287.3999938964844,284.9781494140625,786300
2023-09-19,287.80999755859375,287.989990234375,284.42999267578125,285.79998779296875,283.39166259765625,619200
2023-09-20,286.5199890136719,288.7099914550781,285.489990234375,285.739990234375,283.3321533203125,684200
2023-09-21,284.510009765625,285.2699890136719,279.1300048828125,279.1700134277344,276.8175048828125,490500
2023-09-22,278.7799987792969,281.1000061035156,277.6199951171875,277.739990234375,275.3995666503906,572700
2023-09-25,277.0400085449219,279.0400085449219,275.6099853515625,276.6600036621094,274.32867431640625,509800
2023-09-26,275.3999938964844,276.489990234375,273.2300109863281,273.5,271.1953125,613400
2023-09-27,274.010009765625,275.3699951171875,271.2300109863281,272.9800109863281,270.6796875,539700
2023-09-28,273.8500061035156,276.3299865722656,273.8399963378906,274.19000244140625,271.87945556640625,478500
2023-09-29,274.9100036621094,274.94000244140625,271.6099853515625,272.239990234375,269.9459228515625,715600
2023-10-02,271.3999938964844,273.3500061035156,271.0899963378906,272.9200134277344,270.6202087402344,497000
2023-10-03,272.2900085449219,273.8599853515625,269.6499938964844,271.489990234375,269.2022399902344,526900
2023-10-04,271.8999938964844,274.8299865722656,271.7900085449219,274.2300109863281,271.9191589355469,558400
2023-10-05,273.7200012207031,275.29998779296875,273.0,273.2300109863281,270.9275817871094,459400
2023-10-06,272.1499938964844,277.6000061035156,271.1000061035156,276.1400146484375,273.81304931640625,442600
2023-10-09,279.75,287.0400085449219,279.6499938964844,286.30999755859375,283.8973388671875,669500
2023-10-10,286.17999267578125,287.6400146484375,283.8399963378906,285.04998779296875,282.64794921875,583600
2023-10-11,285.3500061035156,287.67999267578125,284.2300109863281,287.6000061035156,285.1764831542969,440700
2023-10-12,288.6300048828125,291.1600036621094,286.9800109863281,288.2799987792969,285.8507385253906,450900
2023-10-13,288.9800109863281,289.8900146484375,285.6099853515625,288.1499938964844,285.7218322753906,463700
2023-10-16,290.2799987792969,294.9200134277344,290.2799987792969,293.32000732421875,290.8482666015625,838800
2023-10-17,291.17999267578125,291.3599853515625,288.1400146484375,289.8500061035156,287.4075012207031,614100
2023-10-18,289.2200012207031,291.6400146484375,287.54998779296875,288.2200012207031,285.7912292480469,443100
2023-10-19,286.4700012207031,287.75,281.45001220703125,281.94000244140625,279.5641784667969,594400
2023-10-20,283.2099914550781,285.4599914550781,281.1400146484375,281.25,278.8800048828125,936600
2023-10-23,280.4100036621094,282.6300048828125,278.8399963378906,279.42999267578125,277.0753173828125,607300
2023-10-24,280.239990234375,283.1600036621094,278.9700012207031,281.44000244140625,279.0683898925781,474500
2023-10-25,282.04998779296875,284.2699890136719,280.3299865722656,280.510009765625,278.146240234375,409300
2023-10-26,279.5799865722656,280.07000732421875,273.4100036621094,274.8399963378906,272.52398681640625,723500
2023-10-27,274.010009765625,276.55999755859375,271.7300109863281,272.3900146484375,270.09466552734375,574300
2023-10-30,273.6499938964844,277.1400146484375,272.3800048828125,276.2200012207031,273.8923645019531,458400
2023-10-31,278.010009765625,280.0,276.19000244140625,278.4599914550781,276.1134948730469,618200
2023-11-01,278.55999755859375,283.6400146484375,277.6199951171875,280.5,278.1363220214844,895300
2023-11-02,280.239990234375,281.80999755859375,276.45001220703125,281.1700134277344,278.8006591796875,1018700
2023-11-03,294.0,299.44000244140625,290.0,299.4200134277344,296.8968811035156,1307000
2023-11-06,299.0,305.1199951171875,298.6300048828125,304.5799865722656,302.0133972167969,1377300
2023-11-07,306.0400085449219,308.1600036621094,304.1300048828125,304.9800109863281,302.4100036621094,888600
2023-11-08,306.8500061035156,310.5799865722656,306.3599853515625,309.19000244140625,306.58453369140625,1063000
2023-11-09,309.2300109863281,311.5299987792969,306.82000732421875,308.79998779296875,306.19781494140625,859500
2023-11-10,308.8800048828125,311.1199951171875,305.739990234375,311.0199890136719,308.39910888671875,642500
2023-11-13,311.0,312.54998779296875,308.57000732421875,309.6400146484375,307.03076171875,465000
2023-11-14,310.2200012207031,312.92999267578125,307.5899963378906,312.260009765625,309.628662109375,609500
2023-11-15,312.5,315.92999267578125,311.8999938964844,314.1199951171875,311.4729919433594,962600
2023-11-16,312.489990234375,317.3399963378906,312.2200012207031,317.260009765625,314.5865478515625,652600
2023-11-17,320.0,320.0,317.0400085449219,318.25,315.5682067871094,694900
2023-11-20,318.0,320.1300048828125,315.54998779296875,319.42999267578125,316.73822021484375,619300
2023-11-21,320.0899963378906,320.8599853515625,318.3500061035156,319.989990234375,317.29351806640625,426400
2023-11-22,321.760009765625,322.5299987792969,318.739990234375,319.5199890136719,316.8274841308594,441500
2023-11-24,320.0,320.8399963378906,318.010009765625,320.8399963378906,318.1363830566406,275900
2023-11-27,320.8900146484375,321.1099853515625,318.5799865722656,320.6700134277344,317.9678039550781,599200
2023-11-28,321.0199890136719,321.4200134277344,317.75,318.4599914550781,315.77642822265625,634600
2023-11-29,320.4200134277344,321.489990234375,318.6400146484375,319.0400085449219,316.3515625,653200
2023-11-30,318.510009765625,322.9800109863281,317.5899963378906,322.8699951171875,320.1492614746094,1317300
2023-12-01,323.6600036621094,325.8999938964844,322.55999755859375,325.32000732421875,322.57861328125,708400
2023-12-04,323.0199890136719,324.4599914550781,320.8500061035156,323.6600036621094,320.9326171875,786200
2023-12-05,323.6600036621094,324.9599914550781,321.6199951171875,324.55999755859375,321.8250427246094,546100
2023-12-06,325.2799987792969,325.2799987792969,321.7200012207031,322.4700012207031,319.75262451171875,557500
2023-12-07,323.45001220703125,325.3900146484375,322.2200012207031,323.3599853515625,320.6351013183594,536300
2023-12-08,324.0,325.17999267578125,322.55999755859375,324.5199890136719,321.7853698730469,871400
2023-12-11,326.0,327.70001220703125,324.8800048828125,326.4100036621094,323.6594543457031,512800
2023-12-12,328.0,329.8299865722656,326.7300109863281,328.9599914550781,326.1879577636719,464400
2023-12-13,329.80999755859375,329.80999755859375,325.2099914550781,326.94000244140625,324.18499755859375,783200
2023-12-14,326.0,326.0,314.6300048828125,315.82000732421875,314.1002197265625,1375100
2023-12-15,310.8999938964844,315.04998779296875,308.20001220703125,310.5,308.8091735839844,2126800
2023-12-18,311.6400146484375,315.0400085449219,311.6400146484375,314.9599914550781,313.244873046875,848600
2023-12-19,316.2799987792969,316.30999755859375,311.3699951171875,312.9700012207031,311.2657165527344,1019300
2023-12-20,311.95001220703125,313.7099914550781,308.82000732421875,309.3900146484375,307.7052307128906,696700
2023-12-21,308.4100036621094,310.95001220703125,307.0899963378906,310.54998779296875,308.85888671875,484800
2023-12-22,312.010009765625,312.4100036621094,308.67999267578125,309.8500061035156,308.1626892089844,330700
2023-12-26,308.17999267578125,310.95001220703125,308.17999267578125,310.0,308.3118896484375,377400
2023-12-27,309.1700134277344,311.1300048828125,309.1700134277344,310.4200134277344,308.7296142578125,415100
2023-12-28,311.5799865722656,311.9800109863281,310.5299987792969,311.07000732421875,309.3760681152344,311700
2023-12-29,311.5,313.8900146484375,311.3900146484375,313.0899963378906,311.38507080078125,499100
2024-01-02,312.3599853515625,314.4800109863281,310.5400085449219,311.6400146484375,309.9429626464844,800200
2024-01-03,312.9599914550781,314.239990234375,310.5299987792969,312.0,310.301025390625,720200
2024-01-04,313.0899963378906,314.2900085449219,311.7099914550781,311.75,310.0523681640625,739200
2024-01-05,311.7099914550781,312.19000244140625,307.30999755859375,309.1600036621094,307.4764709472656,492800
2024-01-08,310.3599853515625,313.0199890136719,308.6099853515625,312.8599853515625,311.15631103515625,525400
2024-01-09,311.70001220703125,312.8500061035156,309.44000244140625,312.010009765625,310.31097412109375,629600
2024-01-10,312.4599914550781,315.1199951171875,312.0199890136719,315.0400085449219,313.3244323730469,418700
2024-01-11,315.4700012207031,316.0299987792969,312.7300109863281,314.2799987792969,312.5685729980469,624900
2024-01-12,315.2900085449219,316.3399963378906,313.6700134277344,316.30999755859375,314.5875244140625,692300
2024-01-16,315.6400146484375,317.1499938964844,314.0799865722656,315.6499938964844,313.93109130859375,499900
2024-01-17,315.7200012207031,317.8699951171875,315.7200012207031,317.0299987792969,315.3036193847656,446100
2024-01-18,317.1700134277344,321.0400085449219,316.79998779296875,320.9700012207031,319.2221374511719,724500
2024-01-19,323.0199890136719,328.05999755859375,322.0799865722656,326.2799987792969,324.50323486328125,736400
2024-01-22,327.44000244140625,328.1499938964844,324.7799987792969,324.989990234375,323.22027587890625,797300
2024-01-23,325.8399963378906,329.5400085449219,325.239990234375,329.4700012207031,327.6758728027344,596000
2024-01-24,329.8299865722656,330.92999267578125,328.1700134277344,328.3500061035156,326.5619812011719,559700
2024-01-25,329.5400085449219,330.8399963378906,326.8299865722656,328.5899963378906,326.8006591796875,392600
2024-01-26,328.0,329.2699890136719,326.0799865722656,326.1000061035156,324.32421875,487000
2024-01-29,325.1000061035156,328.2300109863281,325.07000732421875,326.75,324.9706726074219,622800
2024-01-30,325.8599853515625,328.0799865722656,325.6499938964844,327.5199890136719,325.7364501953125,791900
2024-01-31,326.5799865722656,326.5899963378906,319.489990234375,319.5,317.7601623535156,832400
2024-02-01,319.5,325.2099914550781,318.79998779296875,325.1499938964844,323.37939453125,533100
2024-02-02,324.7200012207031,329.989990234375,324.7200012207031,327.6199951171875,325.8359375,568900
2024-02-05,326.6000061035156,326.6099853515625,323.6300048828125,325.29998779296875,323.528564453125,670400
2024-02-06,324.9100036621094,326.9599914550781,321.4599914550781,325.3800048828125,323.6081237792969,706500
2024-02-07,328.5,328.9200134277344,326.3399963378906,327.92999267578125,326.1442565917969,543400
2024-02-08,330.0,330.3900146484375,326.1499938964844,328.3500061035156,326.5619812011719,941500
2024-02-09,323.82000732421875,333.0,323.1700134277344,330.8900146484375,329.088134765625,1203300
2024-02-12,330.0,330.79998779296875,319.54998779296875,320.0899963378906,318.3469543457031,907100
2024-02-13,319.75,321.760009765625,314.8399963378906,319.2200012207031,317.481689453125,747500
2024-02-14,319.80999755859375,320.1099853515625,316.3399963378906,319.3900146484375,317.6507873535156,496800
2024-02-15,318.8599853515625,325.1099853515625,318.4200134277344,323.8999938964844,322.1361999511719,725000
2024-02-16,324.1600036621094,324.1600036621094,319.3999938964844,320.489990234375,318.7447509765625,548700
2024-02-20,319.3399963378906,326.07000732421875,318.20001220703125,323.0400085449219,321.2808837890625,641700
2024-02-21,325.0400085449219,325.989990234375,321.989990234375,324.82000732421875,323.05120849609375,430200
2024-02-22,327.75,332.760009765625,325.7799987792969,331.0400085449219,329.2373046875,563500
2024-02-23,331.3299865722656,333.6099853515625,330.1499938964844,330.2699890136719,328.47149658203125,442200
2024-02-26,331.75,332.3999938964844,327.9700012207031,328.54998779296875,326.7608642578125,553100
2024-02-27,328.2900085449219,328.7799987792969,326.2200012207031,328.67999267578125,326.8901672363281,352300
2024-02-28,328.82000732421875,332.1099853515625,328.07000732421875,331.25,329.4461669921875,370100
2024-02-29,332.6300048828125,334.67999267578125,328.1300048828125,330.3900146484375,328.5908508300781,1064400
2024-03-01,330.8800048828125,335.8800048828125,330.0299987792969,335.55999755859375,333.7326965332031,463300
2024-03-04,335.04998779296875,335.79998779296875,332.8399963378906,335.7699890136719,333.9415283203125,507500
2024-03-05,335.32000732421875,335.67999267578125,329.6600036621094,331.80999755859375,330.0031433105469,574500
2024-03-06,334.9599914550781,339.6300048828125,334.0,337.5299987792969,335.6919860839844,772000
2024-03-07,338.25,338.29998779296875,333.989990234375,334.20001220703125,332.380126953125,529200
2024-03-08,333.8699951171875,337.3800048828125,332.3599853515625,335.4100036621094,333.5835266113281,622400
2024-03-11,331.9800109863281,338.1199951171875,329.70001220703125,338.0299987792969,336.1892395019531,491900
2024-03-12,338.6099853515625,340.79998779296875,336.07000732421875,340.4200134277344,338.5662536621094,645000
2024-03-13,341.0,344.8500061035156,339.4100036621094,343.67999267578125,341.8084716796875,875800
2024-03-14,344.5400085449219,344.6300048828125,340.6700134277344,342.69000244140625,341.79852294921875,799600
2024-03-15,339.94000244140625,344.6700134277344,339.0400085449219,344.19000244140625,343.29461669921875,1231100
2024-03-18,345.010009765625,347.0799865722656,339.82000732421875,340.0299987792969,339.1454162597656,749600
2024-03-19,341.5199890136719,347.1300048828125,341.010009765625,345.79998779296875,344.9004211425781,756900
2024-03-20,346.5,347.2099914550781,344.42999267578125,346.0299987792969,345.12982177734375,686400
2024-03-21,346.5400085449219,349.739990234375,345.25,349.1700134277344,348.26165771484375,457100
2024-03-22,350.0,351.3299865722656,348.489990234375,348.55999755859375,347.6532287597656,374400
2024-03-25,347.3800048828125,349.1300048828125,346.9599914550781,347.9200134277344,347.0149230957031,411100
2024-03-26,347.70001220703125,350.1000061035156,347.0199890136719,347.6099853515625,346.7056884765625,451800
2024-03-27,350.5,353.5299987792969,348.94000244140625,353.4100036621094,352.4906311035156,537500
2024-03-28,353.95001220703125,355.3900146484375,351.8999938964844,354.9800109863281,354.0565490722656,705400
2024-04-01,353.80999755859375,354.42999267578125,351.42999267578125,353.5899963378906,352.670166015625,492200
2024-04-02,352.6700134277344,354.20001220703125,350.0199890136719,352.07000732421875,351.15411376953125,529400
2024-04-03,351.7799987792969,354.1400146484375,350.1199951171875,350.3500061035156,349.4385986328125,719900
2024-04-04,353.260009765625,355.32000732421875,347.75,347.92999267578125,347.0248718261719,706400
2024-04-05,348.94000244140625,352.6400146484375,348.1499938964844,352.29998779296875,351.38348388671875,422000
2024-04-08,351.989990234375,354.1400146484375,350.1700134277344,352.0299987792969,351.1142272949219,393700
2024-04-09,352.4599914550781,353.1600036621094,348.0799865722656,352.9599914550781,352.0417785644531,404300
2024-04-10,350.0899963378906,350.0899963378906,346.0299987792969,347.45001220703125,346.546142578125,570000
2024-04-11,348.75,351.6199951171875,348.6199951171875,348.739990234375,347.832763671875,411300
2024-04-12,345.7699890136719,347.54998779296875,343.4599914550781,343.80999755859375,342.91558837890625,413800
2024-04-15,347.6300048828125,347.6300048828125,338.3800048828125,338.5799865722656,337.6991882324219,778000
2024-04-16,339.94000244140625,341.5899963378906,338.2200012207031,340.1099853515625,339.2252197265625,530300
2024-04-17,342.20001220703125,343.1700134277344,339.2099914550781,340.510009765625,339.62420654296875,540400
2024-04-18,341.7799987792969,342.5899963378906,337.32000732421875,339.4599914550781,338.576904296875,493700
2024-04-19,341.07000732421875,341.07000732421875,337.1600036621094,339.6499938964844,338.76641845703125,1393000
2024-04-22,341.4200134277344,347.8599853515625,339.760009765625,345.2300109863281,344.3319091796875,1026900
2024-04-23,345.9700012207031,350.0899963378906,344.9200134277344,345.54998779296875,344.65106201171875,721300
2024-04-24,344.5199890136719,346.8999938964844,343.8599853515625,345.1099853515625,344.2121887207031,616800
2024-04-25,345.20001220703125,349.67999267578125,343.010009765625,349.0199890136719,348.1120300292969,926200
2024-04-26,348.5199890136719,349.2799987792969,346.2300109863281,346.4800109863281,345.57867431640625,595500
2024-04-29,347.010009765625,349.0799865722656,345.739990234375,347.69000244140625,346.7854919433594,398100
2024-04-30,346.70001220703125,347.07000732421875,338.5400085449219,339.1499938964844,338.2677001953125,1220800
2024-05-01,338.0400085449219,340.07000732421875,335.6700134277344,336.0,335.12591552734375,1099600
2024-05-02,336.80999755859375,337.010009765625,332.9800109863281,336.239990234375,335.36529541015625,1377400
2024-05-03,352.1300048828125,356.1700134277344,347.3999938964844,353.70001220703125,352.7798767089844,1151500
2024-05-06,355.260009765625,355.260009765625,345.2699890136719,349.6400146484375,348.7304382324219,1129300
2024-05-07,353.6700134277344,358.20001220703125,351.3500061035156,358.1700134277344,357.2382507324219,801100
2024-05-08,359.80999755859375,361.67999267578125,358.239990234375,359.0199890136719,358.0860290527344,765000
2024-05-09,358.4700012207031,360.5799865722656,358.0799865722656,360.1099853515625,359.1731872558594,526200
2024-05-10,361.1700134277344,364.05999755859375,360.45001220703125,362.8500061035156,361.90606689453125,611200
2024-05-13,363.2099914550781,364.4700012207031,356.29998779296875,358.0,357.0686950683594,1064500
2024-05-14,359.6600036621094,362.989990234375,358.8399963378906,361.04998779296875,360.1107482910156,975400
2024-05-15,360.9599914550781,366.8399963378906,360.9599914550781,365.0299987792969,364.08038330078125,543900
2024-05-16,366.07000732421875,367.80999755859375,365.07000732421875,366.4100036621094,365.4568176269531,453300
2024-05-17,369.5899963378906,369.5899963378906,366.2099914550781,367.79998779296875,366.8431701660156,423900
2024-05-20,366.92999267578125,368.4599914550781,366.69000244140625,368.42999267578125,367.4715576171875,291000
2024-05-21,368.739990234375,370.6199951171875,367.8900146484375,369.739990234375,368.77813720703125,607200
2024-05-22,370.0,372.010009765625,369.2099914550781,371.07000732421875,370.10467529296875,410300
2024-05-23,369.8399963378906,369.8399963378906,362.54998779296875,363.3500061035156,362.40478515625,584400
2024-05-24,364.260009765625,365.82000732421875,363.4100036621094,364.6000061035156,363.6515197753906,518500
2024-05-28,363.5799865722656,364.69000244140625,358.510009765625,359.8900146484375,358.9537658691406,602900
2024-05-29,358.44000244140625,360.3599853515625,357.04998779296875,357.1099853515625,356.18096923828125,584800
2024-05-30,357.0299987792969,361.0899963378906,356.8999938964844,359.69000244140625,358.7543029785156,697600
2024-05-31,360.2699890136719,365.1600036621094,356.7699890136719,364.9100036621094,363.9607238769531,1175000
2024-06-03,363.510009765625,366.5,360.7900085449219,366.3999938964844,365.44683837890625,585700
2024-06-04,366.19000244140625,369.489990234375,365.239990234375,369.2200012207031,368.2594909667969,701600
2024-06-05,371.0,372.010009765625,365.2699890136719,370.6499938964844,369.6857604980469,640000
2024-06-06,370.79998779296875,370.79998779296875,367.17999267578125,370.4700012207031,369.5062561035156,395700
2024-06-07,370.7200012207031,373.75,369.9100036621094,371.05999755859375,370.0946960449219,400000
2024-06-10,370.69000244140625,373.9700012207031,370.0,373.79998779296875,372.82757568359375,582700
2024-06-11,373.57000732421875,377.0400085449219,371.6099853515625,376.8999938964844,375.91949462890625,668000
2024-06-12,379.989990234375,380.7900085449219,377.29998779296875,379.3500061035156,378.3631591796875,679800
2024-06-13,378.80999755859375,381.6000061035156,373.2300109863281,376.7099914550781,375.7300109863281,573600
2024-06-14,370.760009765625,376.05999755859375,370.0,375.4100036621094,375.4100036621094,593700
2024-06-17,376.0,382.9200134277344,375.82000732421875,382.82000732421875,382.82000732421875,538200
2024-06-18,383.4700012207031,384.6300048828125,379.760009765625,383.6000061035156,383.6000061035156,598200
2024-06-20,383.42999267578125,385.6700134277344,382.5899963378906,384.6000061035156,384.6000061035156,879200
2024-06-21,385.8999938964844,386.3399963378906,382.8500061035156,386.0400085449219,386.0400085449219,1043900
2024-06-24,386.1700134277344,390.8999938964844,385.5299987792969,388.1600036621094,388.1600036621094,702400
2024-06-25,388.69000244140625,391.6499938964844,387.4100036621094,390.3599853515625,390.3599853515625,857300
2024-06-26,387.3699951171875,387.3699951171875,380.7200012207031,384.2300109863281,384.2300109863281,658800
2024-06-27,385.8800048828125,387.9700012207031,384.1499938964844,386.3999938964844,386.3999938964844,611900
2024-06-28,386.75,389.8699951171875,385.30999755859375,386.04998779296875,386.04998779296875,1737700
2024-07-01,389.0799865722656,389.0799865722656,384.6600036621094,386.3699951171875,386.3699951171875,427800
2024-07-02,387.07000732421875,388.1700134277344,384.989990234375,386.760009765625,386.760009765625,368100
2024-07-03,386.32000732421875,388.3299865722656,385.05999755859375,385.79998779296875,385.79998779296875,277100
2024-07-05,387.1700134277344,387.17999267578125,384.510009765625,386.8699951171875,386.8699951171875,859700
2024-07-08,388.30999755859375,391.5,388.0,390.57000732421875,390.57000732421875,696500
2024-07-09,391.2200012207031,392.3399963378906,389.6400146484375,390.7200012207031,390.7200012207031,627100
2024-07-10,392.5199890136719,392.5199890136719,387.9800109863281,391.04998779296875,391.04998779296875,636600
2024-07-11,390.3599853515625,392.79998779296875,386.5299987792969,388.69000244140625,388.69000244140625,604900
2024-07-12,389.29998779296875,394.5,388.8399963378906,390.1600036621094,390.1600036621094,482600
2024-07-15,390.3399963378906,394.6000061035156,390.05999755859375,394.3900146484375,394.3900146484375,535000
2024-07-16,395.55999755859375,398.8800048828125,394.739990234375,396.07000732421875,396.07000732421875,514400
2024-07-17,395.05999755859375,396.0400085449219,391.1000061035156,393.7099914550781,393.7099914550781,523800
2024-07-18,393.989990234375,395.7200012207031,392.3900146484375,394.4599914550781,394.4599914550781,397300
2024-07-19,396.8500061035156,396.8500061035156,388.7699890136719,390.19000244140625,390.19000244140625,809300
2024-07-22,392.2699890136719,396.2799987792969,390.7699890136719,396.1499938964844,396.1499938964844,596500
2024-07-23,396.32000732421875,399.6199951171875,395.80999755859375,396.54998779296875,396.54998779296875,444700
2024-07-24,395.04998779296875,395.3599853515625,389.510009765625,390.6000061035156,390.6000061035156,541700
2024-07-25,393.1499938964844,395.0400085449219,385.1700134277344,385.6499938964844,385.6499938964844,827600
2024-07-26,385.6000061035156,395.8500061035156,385.6000061035156,393.7099914550781,393.7099914550781,408100
2024-07-29,394.1099853515625,397.75,393.9200134277344,395.4200134277344,395.4200134277344,351200
2024-07-30,397.6300048828125,402.55999755859375,393.9700012207031,395.3299865722656,395.3299865722656,544200
2024-07-31,398.239990234375,400.8999938964844,395.8800048828125,398.9200134277344,398.9200134277344,678400
2024-08-01,399.8599853515625,403.5299987792969,394.2300109863281,398.5799865722656,398.5799865722656,857200
2024-08-02,399.5199890136719,410.6700134277344,396.1099853515625,410.29998779296875,410.29998779296875,1293500
2024-08-05,400.010009765625,410.7699890136719,396.70001220703125,399.6400146484375,399.6400146484375,1407900
2024-08-06,401.3599853515625,411.8999938964844,401.3599853515625,402.8500061035156,402.8500061035156,1562200
2024-08-07,407.69000244140625,412.6400146484375,404.07000732421875,404.3399963378906,404.3399963378906,950300
2024-08-08,405.8500061035156,412.8800048828125,403.20001220703125,412.17999267578125,412.17999267578125,483900
2024-08-09,411.5,413.2799987792969,406.5899963378906,410.760009765625,410.760009765625,340400
2024-08-12,410.760009765625,414.0299987792969,408.9200134277344,412.760009765625,412.760009765625,486300
2024-08-13,413.54998779296875,417.42999267578125,411.8399963378906,412.0,412.0,782900
2024-08-14,411.20001220703125,419.57000732421875,411.20001220703125,418.5899963378906,418.5899963378906,1022800
2024-08-15,420.3800048828125,424.54998779296875,418.3800048828125,421.94000244140625,421.94000244140625,630800
2024-08-16,422.54998779296875,423.4700012207031,418.9800109863281,421.3699951171875,421.3699951171875,438200
2024-08-19,422.010009765625,423.260009765625,420.3800048828125,422.44000244140625,422.44000244140625,411900
2024-08-20,424.4100036621094,426.8699951171875,423.6099853515625,426.3800048828125,426.3800048828125,425800
2024-08-21,425.8399963378906,429.32000732421875,424.0899963378906,425.7200012207031,425.7200012207031,708500
2024-08-22,426.7799987792969,427.4200134277344,423.04998779296875,424.4599914550781,424.4599914550781,660500
2024-08-23,426.5400085449219,430.760009765625,425.55999755859375,430.3999938964844,430.3999938964844,680900
2024-08-26,431.2900085449219,433.2799987792969,428.2799987792969,430.2300109863281,430.2300109863281,475200
